Id	IsOpen	Name	LifeTime	OpenID	ResetID	RuleID	ActivenessIndex	EnterMode	EnterSubMod	IsShowStatisticsData	IsShowLethalDamageInfo	IsCanEnterSendOpenPak	StatisticsID	LastBossNpcID	UnlockFunctionID	IsAchievementCopyscene	ClearTeamTarget	OpenNavigation	CopySceneEnterCountId	IsMarryAutoConfirmEnter	DifficultySelect	AFK	OffsetTimeForShow	IsShowBOSSFight	CopySceneBossDropID1	CopySceneBossDropID2	CopySceneBossDropID3	CopySceneBossDataID1	CopySceneBossDataID2	CopySceneBossDataID3	CopySceneBossCount	ShowChallengeDropInfo
INT	INT	STRING	INT	INT	INT	INT	INT	INT	INT	INT	INT	INT	INT	INT	INT	INT	INT	INT	INT	INT	INT	INT	INT	INT	INT	INT	INT	INT	INT	INT	INT	INT
MAX_ID=1000;MAX_RECORD=1000;																																client
#																																
1	1	空中	99999999	-1	-1	1	-1	1	-1	-1	0	0	0	-1	-1	1	-1	1	-1	-1	-1	0	0	0	-1	-1	-1	-1	-1	-1	-1	-1
3	1	测试副本底层	1830000	-1	3	92	-1	1	-1	-1	0	1	0	-1	-1	1	-1	1	-1	-1	-1	0	0	0	-1	-1	-1	-1	-1	-1	-1	-1
4	1	切磋	3630000	-1	-1	205	-1	3	-1	1	0	1	0	-1	-1	1	-1	1	-1	-1	-1	0	0	0	-1	-1	-1	-1	-1	-1	-1	-1
5	1	行侠仗义	1230000	-1	-1	102	7	11	-1	1	0	0	0	-1	-1	1	-1	0	-1	-1	-1	0	0	0	-1	-1	-1	-1	-1	-1	-1	-1
10	1	斗技场	1230000	-1	-1	94	-1	1	-1	-1	0	1	0	-1	-1	1	-1	1	-1	-1	-1	0	0	0	-1	-1	-1	-1	-1	-1	-1	-1
18	1	巅峰擂台	750000	-1	-1	-1	-1	3	-1	1	0	1	-1	-1	-1	1	-1	0	-1	-1	-1	0	0	0	-1	-1	-1	-1	-1	-1	-1	-1
22	1	帮会属地	1230000	-1	-1	202	-1	1	-1	-1	0	1	0	-1	-1	1	-1	1	-1	-1	-1	0	0	0	-1	-1	-1	-1	-1	-1	-1	-1
62	1	追击流寇	1230000	-1	11	105	2	1	-1	-1	0	1	1004	-1	-1	1	-1	1	-1	-1	-1	0	0	0	-1	-1	-1	-1	-1	-1	-1	-1
84	1	边关问战	720000	-1	-1	-1	20	13	-1	-1	0	1	1017	-1	-1	1	-1	0	-1	-1	-1	0	0	0	-1	-1	-1	-1	-1	-1	-1	-1
87	1	逐鹿谷	1260000	-1	-1	111	27	3	-1	-1	0	0	0	-1	-1	1	-1	1	-1	-1	-1	0	0	0	-1	-1	-1	-1	-1	-1	-1	-1
88	1	和鸣堂	1200000	-1	-1	103	-1	8	-1	-1	0	0	0	-1	-1	-1	-1	-1	-1	-1	-1	0	0	0	-1	-1	-1	-1	-1	-1	-1	-1
89	1	帮战休息室	7200000	-1	-1	112	27	3	-1	-1	0	0	0	-1	-1	1	-1	1	-1	-1	-1	0	0	0	-1	-1	-1	-1	-1	-1	-1	-1
90	1	桃源乡·捉迷藏	600000	-1	-1	-1	-1	13	-1	-1	0	1	0	-1	-1	1	-1	0	-1	-1	-1	0	0	0	-1	-1	-1	-1	-1	-1	-1	-1
91	1	镇邪殿	400000	-1	-1	245	-1	8	-1	1	0	1	0	-1	-1	1	-1	0	-1	-1	-1	0	0	0	-1	-1	-1	-1	-1	-1	-1	-1
92	1	帮会争霸赛	1260000	-1	-1	111	27	3	-1	-1	0	0	0	-1	-1	1	-1	1	-1	-1	-1	0	0	0	-1	-1	-1	-1	-1	-1	-1	-1
93	1	桃源乡·捉迷藏	1200000	-1	-1	-1	-1	13	-1	-1	0	1	0	-1	-1	1	-1	0	-1	-1	-1	0	0	0	-1	-1	-1	-1	-1	-1	-1	-1
100	1	勇闯山寨	1800000	-1	27	206	33	15	-1	1	0	1	0	-1	-1	1	1	1	-1	1	-1	1	0	1	11	11	12	28000	28001	28003	3	-1
101	1	珍珑棋局	1800000	-1	34	210	1	15	-1	1	0	1	0	-1	-1	1	1	1	-1	1	-1	1	0	1	20	19	-1	28035	28033	-1	1	-1
102	1	夜闯缥缈峰	2700000	-1	22	212	21	15	3	1	0	1	0	-1	-1	1	1	1	-1	1	-1	0	0	1	-1	-1	-1	-1	-1	-1	3	217
103	1	雁门关	2700000	-1	22	37	21	15	3	1	0	1	0	-1	-1	1	1	1	-1	1	1	0	0	1	395	435	436	23218	23201	23202	3	70
104	1	雁门关	1440000	2035	66	216	-1	15	1	1	0	1	0	-1	-1	1	-1	1	4	1	-1	0	0	1	-1	-1	-1	-1	-1	-1	3	-1
105	1	参合庄	1440000	2035	66	217	-1	15	1	1	0	1	0	55060	-1	1	-1	1	4	1	-1	0	0	1	-1	-1	-1	-1	-1	-1	3	-1
106	1	三十六倍棋局	900000	106	88	224	56	15	-1	1	0	1	0	-1	-1	1	1	1	-1	1	-1	0	0	1	-1	-1	-1	-1	-1	-1	1	-1
107	1	初探缥缈峰	1800000	-1	22	228	21	15	3	1	0	1	0	-1	-1	1	-1	1	-1	1	1	0	0	1	-1	-1	-1	57211	57208	57209	3	3
108	1	一品堂	2700000	-1	22	39	21	15	3	1	0	1	0	-1	-1	1	1	1	-1	1	1	0	0	1	395	435	436	23218	23201	23202	3	-1
109	1	一品堂	1440000	2035	66	216	-1	15	1	1	0	1	0	-1	-1	1	-1	1	4	1	-1	0	0	1	-1	-1	-1	-1	-1	-1	3	-1
110	1	一品堂	1800000	-1	75	221	-1	6	2	1	0	1	0	-1	-1	1	1	1	-1	1	-1	0	0	1	-1	-1	-1	-1	-1	-1	3	-1
111	1	大辽金帐	2700000	-1	22	229	21	15	3	1	0	1	0	-1	-1	1	-1	1	-1	1	1	0	0	1	-1	-1	-1	-1	-1	-1	3	100
112	1	雪域谷	1800000	-1	27	199	33	15	-1	1	0	1	0	-1	-1	1	1	1	-1	1	-1	1	0	1	11	11	12	28000	28001	28003	3	-1
113	1	天影之战	1800000	-1	-1	42	-1	1	-1	1	0	1	0	-1	-1	1	1	1	-1	1	-1	0	0	0	-1	-1	-1	-1	-1	-1	-1	-1
120	1	星宿海	2700000	-1	22	247	21	15	3	1	0	1	0	-1	-1	1	1	1	-1	1	1	0	0	1	17	24	25	20304	20307	20310	3	-1
143	1	空中	99999999	-1	-1	1	-1	1	-1	-1	0	0	0	-1	-1	1	-1	1	-1	-1	-1	0	0	0	-1	-1	-1	-1	-1	-1	-1	-1
144	1	沙海蜃楼	2700000	-1	22	231	21	15	3	1	0	1	0	-1	-1	1	-1	1	-1	1	1	0	0	1	-1	-1	-1	-1	-1	-1	3	-1
145	1	沙海蜃楼	2700000	2035	66	244	-1	15	1	1	0	1	0	-1	-1	1	-1	1	-1	1	-1	0	0	1	-1	-1	-1	-1	-1	-1	3	-1
150	1	枕中剑湖	1800000	-1	75	213	-1	6	2	1	0	1	0	-1	-1	1	1	1	-1	1	-1	0	0	1	-1	-1	-1	-1	-1	-1	3	-1
151	1	参合迷雾	1800000	-1	75	219	-1	6	2	1	0	1	0	-1	-1	1	1	1	-1	1	-1	0	0	1	-1	-1	-1	-1	-1	-1	3	-1
152	1	聚贤蜃景	1800000	-1	75	220	-1	6	2	1	0	1	0	-1	-1	1	1	1	-1	1	-1	0	0	1	-1	-1	-1	-1	-1	-1	3	-1
153	1	雁门关	1800000	-1	75	221	-1	6	2	1	0	1	0	-1	-1	1	1	1	-1	1	-1	0	0	1	-1	-1	-1	-1	-1	-1	3	-1
154	1	忆缥缈峰	1800000	-1	75	226	-1	6	2	1	0	1	0	-1	-1	1	1	1	-1	1	-1	0	0	1	-1	-1	-1	-1	-1	-1	3	-1
155	1	辽国大营	1800000	-1	75	230	-1	6	2	1	0	1	0	-1	-1	1	1	1	-1	1	-1	0	0	1	-1	-1	-1	-1	-1	-1	3	-1
157	0	风云再起-地	1800000	157	9	235	-1	6	2	1	0	1	0	-1	-1	1	1	1	-1	1	-1	0	0	1	-1	-1	-1	-1	-1	-1	2	-1
158	0	风云再起-天	1800000	158	9	235	-1	6	2	1	0	1	0	-1	-1	1	1	1	-1	1	-1	0	0	1	-1	-1	-1	-1	-1	-1	2	-1
159	1	风云再起-人	1800000	159	9	235	-1	6	2	1	0	1	0	-1	-1	1	1	1	-1	1	-1	0	0	1	-1	-1	-1	-1	-1	-1	2	-1
160	1	风云再起-地	1800000	160	9	235	-1	6	2	1	0	1	0	-1	-1	1	1	1	-1	1	-1	0	0	1	-1	-1	-1	-1	-1	-1	2	-1
161	1	风云再起-天	1800000	164	9	235	-1	6	2	1	0	1	0	-1	-1	1	1	1	-1	1	-1	0	0	1	-1	-1	-1	-1	-1	-1	2	-1
162	1	习武场	7200000	-1	-1	238	-1	10	-1	1	0	1	0	-1	-1	1	1	1	-1	1	-1	0	0	1	-1	-1	-1	-1	-1	-1	-1	-1
163	0	风云再起-人	1800000	163	9	235	-1	6	2	1	0	1	0	-1	-1	1	1	1	-1	1	-1	0	0	1	-1	-1	-1	-1	-1	-1	2	-1
164	0	风云再起-玄	1800000	165	9	235	-1	6	2	1	0	1	0	-1	-1	1	1	1	-1	1	-1	0	0	1	-1	-1	-1	-1	-1	-1	2	-1
165	0	风云再起-黄	1800000	166	9	235	-1	6	2	1	0	1	0	-1	-1	1	1	1	-1	1	-1	0	0	1	-1	-1	-1	-1	-1	-1	2	-1
196	1	大辽金帐	1440000	2035	66	216	-1	15	1	1	0	1	-1	53010	-1	1	-1	1	4	1	-1	0	0	1	-1	-1	-1	-1	-1	-1	3	-1
197	1	缥缈峰	1440000	2035	66	216	-1	15	1	1	0	1	-1	57309	-1	1	-1	1	4	1	-1	0	0	1	-1	-1	-1	-1	-1	-1	3	-1
198	1	剑湖宫底	1440000	2035	66	207	-1	15	1	1	0	1	-1	53010	-1	1	-1	1	4	1	-1	0	0	1	-1	-1	-1	-1	-1	-1	3	-1
199	1	血战聚贤庄	1440000	2035	66	43	-1	15	1	1	0	1	-1	53070	-1	1	-1	1	4	1	-1	0	0	1	-1	-1	-1	-1	-1	-1	3	-1
200	1	青衣冢	99999999	-1	-1	93	-1	15	4	1	0	1	0	-1	-1	1	1	1	-1	1	-1	0	0	1	-1	-1	-1	-1	-1	-1	-1	-1
201	1	燕子坞	1800000	-1	18	34	32	15	-1	1	0	1	0	-1	-1	1	1	1	-1	1	-1	1	0	1	15	15	16	20405	20412	20418	3	-1
202	1	剑湖宫底	2700000	-1	22	207	21	15	3	1	0	1	0	-1	-1	1	1	1	-1	1	1	0	0	1	17	24	25	20304	20307	20310	3	6
203	1	街道墙边	1800000	-1	-1	205	-1	1	-1	-1	0	1	-1	-1	-1	1	1	1	-1	-1	-1	0	0	0	-1	-1	-1	-1	-1	-1	-1	-1
204	1	桥头	1800000	-1	-1	205	-1	1	-1	-1	0	1	-1	-1	-1	1	1	1	-1	-1	-1	0	0	0	-1	-1	-1	-1	-1	-1	-1	-1
205	1	王家大宅	1800000	-1	-1	205	-1	1	-1	-1	0	1	-1	-1	-1	1	1	1	-1	-1	-1	0	0	0	-1	-1	-1	-1	-1	-1	-1	-1
206	1	清理丐帮乱党	1800000	-1	-1	205	-1	1	-1	-1	0	1	-1	-1	-1	1	1	1	-1	-1	-1	0	0	0	-1	-1	-1	-1	-1	-1	-1	-1
207	1	匪徒聚集野外	1800000	-1	-1	205	-1	1	-1	-1	0	1	-1	-1	-1	1	1	1	-1	-1	-1	0	0	0	-1	-1	-1	-1	-1	-1	-1	-1
208	1	酒馆门口	1800000	-1	-1	205	-1	1	-1	-1	0	1	-1	-1	-1	1	1	1	-1	-1	-1	0	0	0	-1	-1	-1	-1	-1	-1	-1	-1
209	1	泼皮接头野外	1800000	-1	-1	205	-1	1	-1	-1	0	1	-1	-1	-1	1	1	1	-1	-1	-1	0	0	0	-1	-1	-1	-1	-1	-1	-1	-1
210	1	秦家寨据点门口	1800000	-1	-1	205	-1	1	-1	-1	0	1	-1	-1	-1	1	1	1	-1	-1	-1	0	0	0	-1	-1	-1	-1	-1	-1	-1	-1
211	1	匪徒临时躲藏处	1800000	-1	-1	205	-1	1	-1	-1	0	1	-1	-1	-1	1	1	1	-1	-1	-1	0	0	0	-1	-1	-1	-1	-1	-1	-1	-1
212	1	春游地点	1800000	-1	-1	205	-1	1	-1	-1	0	1	-1	-1	-1	1	1	1	-1	-1	-1	0	0	0	-1	-1	-1	-1	-1	-1	-1	-1
213	1	送二毛回家路	1800000	-1	-1	205	-1	1	-1	-1	0	1	-1	-1	-1	1	1	1	-1	-1	-1	0	0	0	-1	-1	-1	-1	-1	-1	-1	-1
214	1	追杀	1800000	-1	-1	205	-1	1	-1	-1	0	1	-1	-1	-1	1	1	1	-1	-1	-1	0	0	0	-1	-1	-1	-1	-1	-1	-1	-1
215	1	师命难为	1800000	-1	-1	205	-1	1	-1	-1	0	1	-1	-1	-1	1	1	1	-1	-1	-1	0	0	0	-1	-1	-1	-1	-1	-1	-1	-1
216	1	掩护段誉	1800000	-1	-1	205	-1	1	-1	-1	0	1	-1	-1	-1	1	1	1	-1	-1	-1	0	0	0	-1	-1	-1	-1	-1	-1	-1	-1
217	1	寻找解药	1800000	-1	-1	205	-1	1	-1	-1	0	1	-1	-1	-1	1	1	1	-1	-1	-1	0	0	0	-1	-1	-1	-1	-1	-1	-1	-1
218	1	抢夺解药	1800000	-1	-1	205	-1	1	-1	-1	0	1	-1	-1	-1	1	1	1	-1	-1	-1	0	0	0	-1	-1	-1	-1	-1	-1	-1	-1
219	1	帮助段誉	1800000	-1	-1	205	-1	1	-1	-1	0	1	-1	-1	-1	1	1	1	-1	-1	-1	0	0	0	-1	-1	-1	-1	-1	-1	-1	-1
220	1	击败李延宗	1800000	-1	-1	205	-1	1	-1	-1	0	1	-1	-1	-1	1	1	1	-1	-1	-1	0	0	0	-1	-1	-1	-1	-1	-1	-1	-1
221	1	合力救人	1800000	-1	-1	205	-1	1	-1	-1	0	1	-1	-1	-1	1	1	1	-1	-1	-1	0	0	0	-1	-1	-1	-1	-1	-1	-1	-1
222	1	护送两姊	1800000	-1	-1	205	-1	1	-1	-1	0	1	-1	-1	-1	1	1	1	-1	-1	-1	0	0	0	-1	-1	-1	-1	-1	-1	-1	-1
223	1	击败护卫	1800000	-1	-1	205	-1	1	-1	-1	0	1	-1	-1	-1	1	1	1	-1	-1	-1	0	0	0	-1	-1	-1	-1	-1	-1	-1	-1
224	1	击败护卫	1800000	-1	-1	205	-1	1	-1	-1	0	1	-1	-1	-1	1	1	1	-1	-1	-1	0	0	0	-1	-1	-1	-1	-1	-1	-1	-1
225	1	上前争斗	1800000	-1	-1	205	-1	1	-1	-1	0	1	-1	-1	-1	1	1	1	-1	-1	-1	0	0	0	-1	-1	-1	-1	-1	-1	-1	-1
226	1	击退武僧	1800000	-1	-1	205	-1	1	-1	-1	0	1	-1	-1	-1	1	1	1	-1	-1	-1	0	0	0	-1	-1	-1	-1	-1	-1	-1	-1
227	1	击败刺客	1800000	-1	-1	205	-1	1	-1	-1	0	1	-1	-1	-1	1	1	1	-1	-1	-1	0	0	0	-1	-1	-1	-1	-1	-1	-1	-1
228	1	击败探子	1800000	-1	-1	205	-1	1	-1	-1	0	1	-1	-1	-1	1	1	1	-1	-1	-1	0	0	0	-1	-1	-1	-1	-1	-1	-1	-1
229	1	击败地鼠门人	1800000	-1	-1	205	-1	1	-1	-1	0	1	-1	-1	-1	1	1	1	-1	-1	-1	0	0	0	-1	-1	-1	-1	-1	-1	-1	-1
230	1	两人决斗	1800000	-1	-1	205	-1	1	-1	-1	0	1	-1	-1	-1	1	1	1	-1	-1	-1	0	0	0	-1	-1	-1	-1	-1	-1	-1	-1
231	1	戏园平台	1800000	-1	-1	205	-1	1	-1	-1	0	1	-1	-1	-1	1	1	1	-1	-1	-1	0	0	0	-1	-1	-1	-1	-1	-1	-1	-1
232	1	戏台之前	1800000	-1	-1	205	-1	1	-1	-1	0	1	-1	-1	-1	1	1	1	-1	-1	-1	0	0	0	-1	-1	-1	-1	-1	-1	-1	-1
233	1	桥头	1800000	-1	-1	205	-1	1	-1	-1	0	1	-1	-1	-1	1	1	1	-1	-1	-1	0	0	0	-1	-1	-1	-1	-1	-1	-1	-1
234	1	秦家寨据点守卫区	1800000	-1	-1	205	-1	1	-1	-1	0	1	-1	-1	-1	1	1	1	-1	-1	-1	0	0	0	-1	-1	-1	-1	-1	-1	-1	-1
235	1	秦家寨据点次级首领区	1800000	-1	-1	205	-1	1	-1	-1	0	1	-1	-1	-1	1	1	1	-1	-1	-1	0	0	0	-1	-1	-1	-1	-1	-1	-1	-1
236	1	秦家寨据点首领区	1800000	-1	-1	205	-1	1	-1	-1	0	1	-1	-1	-1	1	1	1	-1	-1	-1	0	0	0	-1	-1	-1	-1	-1	-1	-1	-1
237	1	秦家寨据点首领区	1800000	-1	-1	205	-1	1	-1	-1	0	1	-1	-1	-1	1	1	1	-1	-1	-1	0	0	0	-1	-1	-1	-1	-1	-1	-1	-1
238	1	江南野外	1800000	-1	-1	205	-1	1	-1	-1	0	1	-1	-1	-1	1	1	1	-1	-1	-1	0	0	0	-1	-1	-1	-1	-1	-1	-1	-1
239	1	姑苏无名渡口	1800000	-1	-1	205	-1	1	-1	-1	0	1	-1	-1	-1	1	1	1	-1	-1	-1	0	0	0	-1	-1	-1	-1	-1	-1	-1	-1
240	1	琴韵小筑会客厅	1800000	-1	-1	205	-1	1	-1	-1	0	1	-1	-1	-1	1	1	1	-1	-1	-1	0	0	0	-1	-1	-1	-1	-1	-1	-1	-1
241	1	太湖小岛	1800000	-1	-1	205	-1	1	-1	-1	0	1	-1	-1	-1	1	1	1	-1	-1	-1	0	0	0	-1	-1	-1	-1	-1	-1	-1	-1
242	1	参合庄衣冠冢	1800000	-1	-1	205	-1	1	-1	-1	0	1	-1	-1	-1	1	1	1	-1	-1	-1	0	0	0	-1	-1	-1	-1	-1	-1	-1	-1
243	1	参合庄大门口	1800000	-1	-1	205	-1	1	-1	-1	0	1	-1	-1	-1	1	1	1	-1	-1	-1	0	0	0	-1	-1	-1	-1	-1	-1	-1	-1
244	1	琅嬛玉洞周围	1800000	-1	-1	205	-1	1	-1	-1	0	1	-1	-1	-1	1	1	1	-1	-1	-1	0	0	0	-1	-1	-1	-1	-1	-1	-1	-1
245	1	曼陀山庄花肥房	1800000	-1	-1	205	-1	1	-1	-1	0	1	-1	-1	-1	1	1	1	-1	-1	-1	0	0	0	-1	-1	-1	-1	-1	-1	-1	-1
246	1	听香水榭大厅	1800000	-1	-1	205	-1	1	-1	-1	0	1	-1	-1	-1	1	1	1	-1	-1	-1	0	0	0	-1	-1	-1	-1	-1	-1	-1	-1
247	1	听香水榭大厅	1800000	-1	-1	205	-1	1	-1	-1	0	1	-1	-1	-1	1	1	1	-1	-1	-1	0	0	0	-1	-1	-1	-1	-1	-1	-1	-1
248	1	大理	1800000	-1	-1	205	-1	1	-1	-1	0	1	-1	-1	-1	1	1	1	-1	-1	-1	0	0	0	-1	-1	-1	-1	-1	-1	1	1
249	1	城郊野店	1800000	-1	-1	205	-1	1	-1	-1	0	1	-1	-1	-1	1	1	1	-1	-1	-1	0	0	0	-1	-1	-1	-1	-1	-1	-1	-1
250	1	五步林	1800000	-1	-1	205	-1	1	-1	-1	0	1	-1	-1	-1	1	1	1	-1	-1	-1	0	0	0	-1	-1	-1	-1	-1	-1	1	1
251	1	无量山	1800000	-1	-1	205	-1	1	-1	-1	0	1	-1	-1	-1	1	1	1	-1	-1	-1	0	0	0	-1	-1	-1	-1	-1	-1	-1	-1
252	1	剑湖宫底	1800000	-1	-1	205	-1	1	-1	-1	0	1	-1	-1	-1	1	1	1	-1	-1	-1	0	0	0	-1	-1	-1	-1	-1	-1	-1	-1
253	1	神农帮	1800000	-1	-1	205	-1	1	-1	-1	0	1	-1	-1	-1	1	1	1	-1	-1	-1	0	0	0	-1	-1	-1	-1	-1	-1	-1	-1
254	1	无量山	1800000	-1	-1	205	-1	1	-1	-1	0	1	-1	-1	-1	1	1	1	-1	-1	-1	0	0	0	-1	-1	-1	-1	-1	-1	-1	-1
255	1	无量山	1800000	-1	-1	205	-1	1	-1	-1	0	1	-1	-1	-1	1	1	1	-1	-1	-1	0	0	0	-1	-1	-1	-1	-1	-1	-1	-1
256	1	无量山	1800000	-1	-1	205	-1	1	-1	-1	0	1	-1	-1	-1	1	1	1	-1	-1	-1	0	0	0	-1	-1	-1	-1	-1	-1	-1	-1
257	1	无量山	1800000	-1	-1	205	-1	1	-1	-1	0	1	-1	-1	-1	1	1	1	-1	-1	-1	0	0	0	-1	-1	-1	-1	-1	-1	-1	-1
258	1	神农帮	1800000	-1	-1	205	-1	1	-1	-1	0	1	-1	-1	-1	1	1	1	-1	-1	-1	0	0	0	-1	-1	-1	-1	-1	-1	-1	-1
259	1	大理	1800000	-1	-1	205	-1	1	-1	-1	0	1	-1	-1	-1	1	1	1	-1	-1	-1	0	0	0	-1	-1	-1	-1	-1	-1	-1	-1
260	1	大理之夜	1800000	-1	-1	205	-1	1	-1	-1	0	1	-1	-1	-1	1	1	1	-1	-1	-1	0	0	0	-1	-1	-1	-1	-1	-1	-1	-1
261	1	谷后深林	1800000	-1	-1	205	-1	1	-1	-1	0	1	-1	-1	-1	1	1	1	-1	-1	-1	0	0	0	-1	-1	-1	-1	-1	-1	-1	-1
262	1	谷后深林	1800000	-1	-1	205	-1	1	-1	-1	0	1	-1	-1	-1	1	1	1	-1	-1	-1	0	0	0	-1	-1	-1	-1	-1	-1	-1	-1
263	1	万劫大阵	1800000	-1	-1	205	-1	1	-1	-1	0	1	-1	-1	-1	1	1	1	-1	-1	-1	0	0	0	-1	-1	-1	-1	-1	-1	-1	-1
264	1	万劫谷	1800000	-1	-1	205	-1	1	-1	-1	0	1	-1	-1	-1	1	1	1	-1	-1	-1	0	0	0	-1	-1	-1	-1	-1	-1	-1	-1
265	1	万劫谷	1800000	-1	-1	205	-1	1	-1	-1	0	1	-1	-1	-1	1	1	1	-1	-1	-1	0	0	0	-1	-1	-1	-1	-1	-1	-1	-1
266	1	天龙寺	1800000	-1	-1	205	-1	1	-1	-1	0	1	-1	-1	-1	1	1	1	-1	-1	-1	0	0	0	-1	-1	-1	-1	-1	-1	-1	-1
267	1	剑湖宫底	1800000	-1	-1	205	-1	1	-1	-1	0	1	-1	-1	-1	1	1	1	-1	-1	-1	0	0	0	-1	-1	-1	-1	-1	-1	-1	-1
268	1	无量山	1800000	-1	-1	205	-1	1	-1	-1	0	1	-1	-1	-1	1	1	1	-1	-1	-1	0	0	0	-1	-1	-1	-1	-1	-1	-1	-1
269	1	剿匪	1800000	-1	-1	205	-1	1	-1	-1	0	1	-1	-1	-1	1	1	1	-1	-1	-1	0	0	0	-1	-1	-1	-1	-1	-1	-1	-1
270	1	大理	1800000	-1	-1	205	-1	1	-1	-1	0	1	-1	-1	-1	1	1	1	-1	-1	-1	0	0	0	-1	-1	-1	-1	-1	-1	-1	-1
271	1	大理	1800000	-1	-1	205	-1	1	-1	-1	0	1	-1	-1	-1	1	1	1	-1	-1	-1	0	0	0	-1	-1	-1	-1	-1	-1	-1	-1
272	1	大理	1800000	-1	-1	205	-1	1	-1	-1	0	1	-1	-1	-1	1	1	1	-1	-1	-1	0	0	0	-1	-1	-1	-1	-1	-1	-1	-1
273	1	大理	1800000	-1	-1	205	-1	1	-1	-1	0	1	-1	-1	-1	1	1	1	-1	-1	-1	0	0	0	-1	-1	-1	-1	-1	-1	-1	-1
274	1	大理	1800000	-1	-1	205	-1	1	-1	-1	0	1	-1	-1	-1	1	1	1	-1	-1	-1	0	0	0	-1	-1	-1	-1	-1	-1	-1	-1
275	1	大理	1800000	-1	-1	205	-1	1	-1	-1	0	1	-1	-1	-1	1	1	1	-1	-1	-1	0	0	0	-1	-1	-1	-1	-1	-1	-1	-1
276	1	大理	1800000	-1	-1	205	-1	1	-1	-1	0	1	-1	-1	-1	1	1	1	-1	-1	-1	0	0	0	-1	-1	-1	-1	-1	-1	-1	-1
277	1	大理	1800000	-1	-1	205	-1	1	-1	-1	0	1	-1	-1	-1	1	1	1	-1	-1	-1	0	0	0	-1	-1	-1	-1	-1	-1	-1	-1
278	1	大理	1800000	-1	-1	205	-1	1	-1	-1	0	1	-1	-1	-1	1	1	1	-1	-1	-1	0	0	0	-1	-1	-1	-1	-1	-1	-1	-1
279	1	大理	1800000	-1	-1	205	-1	1	-1	-1	0	1	-1	-1	-1	1	1	1	-1	-1	-1	0	0	0	-1	-1	-1	-1	-1	-1	-1	-1
280	1	危机四伏	1800000	-1	-1	205	-1	1	-1	-1	0	1	-1	-1	-1	1	1	1	-1	-1	-1	0	0	0	-1	-1	-1	-1	-1	-1	-1	-1
281	1	大理	1800000	-1	-1	205	-1	1	-1	-1	0	1	-1	-1	-1	1	1	1	-1	-1	-1	0	0	0	-1	-1	-1	-1	-1	-1	-1	-1
282	1	大理	1800000	-1	-1	205	-1	1	-1	-1	0	1	-1	-1	-1	1	1	1	-1	-1	-1	0	0	0	-1	-1	-1	-1	-1	-1	-1	-1
283	1	无量山	1800000	-1	-1	205	-1	1	-1	-1	0	1	-1	-1	-1	1	1	1	-1	-1	-1	0	0	0	-1	-1	-1	-1	-1	-1	-1	-1
284	1	大理	1800000	-1	-1	205	-1	1	-1	-1	0	1	-1	-1	-1	1	1	1	-1	-1	-1	0	0	0	-1	-1	-1	-1	-1	-1	-1	-1
285	1	大理	1800000	-1	-1	205	-1	1	-1	-1	0	1	-1	-1	-1	1	1	1	-1	-1	-1	0	0	0	-1	-1	-1	-1	-1	-1	-1	-1
286	1	大理	1800000	-1	-1	205	-1	1	-1	-1	0	1	-1	-1	-1	1	1	1	-1	-1	-1	0	0	0	-1	-1	-1	-1	-1	-1	-1	-1
290	1	测试副本	2700000	-1	22	207	21	15	3	1	0	1	0	-1	-1	1	1	1	-1	1	-1	0	0	0	-1	-1	-1	-1	-1	-1	-1	-1
300	1	参合庄	2700000	-1	22	35	21	15	3	1	0	1	0	-1	-1	1	1	1	-1	1	1	0	0	1	234	255	256	23058	23059	23060	-1	38
301	1	聚贤庄	2700000	-1	22	36	21	15	3	1	0	1	0	-1	-1	1	1	1	-1	1	1	0	0	1	72	74	85	21089	21091	21092	-1	15
302	1	洛阳	1800000	-1	-1	205	-1	1	-1	-1	0	1	-1	-1	-1	1	1	1	-1	-1	-1	0	0	0	-1	-1	-1	-1	-1	-1	-1	-1
303	1	洛阳	1800000	-1	-1	205	-1	1	-1	-1	0	1	-1	-1	-1	1	1	1	-1	-1	-1	0	0	0	-1	-1	-1	-1	-1	-1	-1	-1
304	1	洛阳	1800000	-1	-1	205	-1	1	-1	-1	0	1	-1	-1	-1	1	1	1	-1	-1	-1	0	0	0	-1	-1	-1	-1	-1	-1	-1	-1
305	1	洛阳	1800000	-1	-1	205	-1	1	-1	-1	0	1	-1	-1	-1	1	1	1	-1	-1	-1	0	0	0	-1	-1	-1	-1	-1	-1	-1	-1
306	1	方竹林	1800000	-1	-1	205	-1	1	-1	-1	0	1	-1	-1	-1	1	1	1	-1	-1	-1	0	0	0	-1	-1	-1	-1	-1	-1	-1	-1
307	1	聚贤庄	1800000	-1	-1	38	-1	1	-1	1	0	1	0	-1	-1	1	1	1	-1	1	-1	0	0	0	-1	-1	-1	-1	-1	-1	-1	-1
308	1	大理	1800000	-1	-1	214	-1	1	-1	-1	0	1	-1	-1	-1	1	1	1	-1	-1	-1	0	0	0	-1	-1	-1	-1	-1	-1	-1	-1
309	1	洛阳	1800000	-1	-1	205	-1	1	-1	-1	0	1	-1	-1	-1	1	1	1	-1	-1	-1	0	0	0	-1	-1	-1	-1	-1	-1	-1	-1
299	1	聚贤庄	1800000	-1	-1	36	-1	3	-1	1	0	1	0	-1	-1	1	1	1	-1	1	-1	0	0	0	-1	-1	-1	-1	-1	-1	-1	-1
298	1	AR狩猎	1800000	-1	-1	36	-1	1	-1	1	0	1	0	-1	-1	1	1	1	-1	1	-1	0	0	0	-1	-1	-1	-1	-1	-1	-1	-1
341	1	秦家寨据点门口	1800000	-1	-1	205	-1	1	-1	-1	0	1	-1	-1	-1	1	1	1	-1	-1	-1	0	0	0	-1	-1	-1	-1	-1	-1	-1	-1
342	1	秦家巢穴据点门口	1800000	-1	-1	205	-1	1	-1	-1	0	1	-1	-1	-1	1	1	1	-1	-1	-1	0	0	0	-1	-1	-1	-1	-1	-1	-1	-1
343	1	秦家巢穴据点门口	1800000	-1	-1	205	-1	1	-1	-1	0	1	-1	-1	-1	1	1	1	-1	-1	-1	0	0	0	-1	-1	-1	-1	-1	-1	-1	-1
344	1	姑苏	1800000	-1	-1	205	-1	1	-1	-1	0	1	-1	-1	-1	1	1	1	-1	-1	-1	0	0	0	-1	-1	-1	-1	-1	-1	-1	-1
345	1	燕子坞水域	1800000	-1	-1	205	-1	1	-1	-1	0	1	-1	-1	-1	1	1	1	-1	-1	-1	0	0	0	-1	-1	-1	-1	-1	-1	-1	-1
346	1	燕子坞	1800000	-1	-1	205	-1	1	-1	-1	0	1	-1	-1	-1	1	1	1	-1	-1	-1	0	0	0	-1	-1	-1	-1	-1	-1	-1	-1
347	1	慕容府	1800000	-1	-1	205	-1	1	-1	-1	0	1	-1	-1	-1	1	1	1	-1	-1	-1	0	0	0	-1	-1	-1	-1	-1	-1	-1	-1
348	1	曼陀山庄	1800000	-1	-1	205	-1	1	-1	-1	0	1	-1	-1	-1	1	1	1	-1	-1	-1	0	0	0	-1	-1	-1	-1	-1	-1	-1	-1
349	1	曼陀亭廊	1800000	-1	-1	205	-1	1	-1	-1	0	1	-1	-1	-1	1	1	1	-1	-1	-1	0	0	0	-1	-1	-1	-1	-1	-1	-1	-1
310	1	花肥小院	1800000	-1	-1	205	-1	1	-1	-1	0	1	-1	-1	-1	1	1	1	-1	-1	-1	0	0	0	-1	-1	-1	-1	-1	-1	-1	-1
311	1	听香水榭	1800000	-1	-1	205	-1	1	-1	-1	0	1	-1	-1	-1	1	1	1	-1	-1	-1	0	0	0	-1	-1	-1	-1	-1	-1	-1	-1
312	1	听香水榭	1800000	-1	-1	205	-1	1	-1	-1	0	1	-1	-1	-1	1	1	1	-1	-1	-1	0	0	0	-1	-1	-1	-1	-1	-1	-1	-1
313	1	听香码头	1800000	-1	-1	205	-1	1	-1	-1	0	1	-1	-1	-1	1	1	1	-1	-1	-1	0	0	0	-1	-1	-1	-1	-1	-1	-1	-1
314	1	寄畅园	1800000	-1	-1	205	-1	1	-1	-1	0	1	-1	-1	-1	1	1	1	-1	-1	-1	0	0	0	-1	-1	-1	-1	-1	-1	-1	-1
315	1	杏子林	1800000	-1	-1	205	-1	1	-1	-1	0	1	-1	-1	-1	1	1	1	-1	-1	-1	0	0	0	-1	-1	-1	-1	-1	-1	-1	-1
316	1	磨坊	1800000	-1	-1	205	-1	1	-1	-1	0	1	-1	-1	-1	1	1	1	-1	-1	-1	0	0	0	-1	-1	-1	-1	-1	-1	-1	-1
317	1	磨坊	1800000	-1	-1	205	-1	1	-1	-1	0	1	-1	-1	-1	1	1	1	-1	-1	-1	0	0	0	-1	-1	-1	-1	-1	-1	-1	-1
318	1	寄畅园	1800000	-1	-1	205	-1	1	-1	-1	0	1	-1	-1	-1	1	1	1	-1	-1	-1	0	0	0	-1	-1	-1	-1	-1	-1	-1	-1
319	1	寄畅园	1800000	-1	-1	205	-1	1	-1	-1	0	1	-1	-1	-1	1	1	1	-1	-1	-1	0	0	0	-1	-1	-1	-1	-1	-1	-1	-1
320	1	寄畅园	1800000	-1	-1	205	-1	1	-1	-1	0	1	-1	-1	-1	1	1	1	-1	-1	-1	0	0	0	-1	-1	-1	-1	-1	-1	-1	-1
321	1	寄畅园	1800000	-1	-1	205	-1	1	-1	-1	0	1	-1	-1	-1	1	1	1	-1	-1	-1	0	0	0	-1	-1	-1	-1	-1	-1	-1	-1
322	1	寄畅园	1800000	-1	-1	205	-1	1	-1	-1	0	1	-1	-1	-1	1	1	1	-1	-1	-1	0	0	0	-1	-1	-1	-1	-1	-1	-1	-1
323	1	天宁寺	1800000	-1	-1	205	-1	1	-1	-1	0	1	-1	-1	-1	1	1	1	-1	-1	-1	0	0	0	-1	-1	-1	-1	-1	-1	-1	-1
324	1	天宁寺院	1800000	-1	-1	205	-1	1	-1	-1	0	1	-1	-1	-1	1	1	1	-1	-1	-1	0	0	0	-1	-1	-1	-1	-1	-1	-1	-1
325	1	天宁寺院	1800000	-1	-1	205	-1	1	-1	-1	0	1	-1	-1	-1	1	1	1	-1	-1	-1	0	0	0	-1	-1	-1	-1	-1	-1	-1	-1
326	1	天宁寺后院	1800000	-1	-1	205	-1	1	-1	-1	0	1	-1	-1	-1	1	1	1	-1	-1	-1	0	0	0	-1	-1	-1	-1	-1	-1	-1	-1
327	1	王家亭	1800000	-1	-1	205	-1	1	-1	-1	0	1	-1	-1	-1	1	1	1	-1	-1	-1	0	0	0	-1	-1	-1	-1	-1	-1	-1	-1
328	1	秦家寨	1800000	-1	-1	205	-1	1	-1	-1	0	1	-1	-1	-1	1	1	1	-1	-1	-1	0	0	0	-1	-1	-1	-1	-1	-1	-1	-1
329	1	秦家寨	1800000	-1	-1	205	-1	1	-1	-1	0	1	-1	-1	-1	1	1	1	-1	-1	-1	0	0	0	-1	-1	-1	-1	-1	-1	-1	-1
330	1	姑苏湖畔	1800000	-1	-1	205	-1	1	-1	-1	0	1	-1	-1	-1	1	1	1	-1	-1	-1	0	0	0	-1	-1	-1	-1	-1	-1	-1	-1
331	1	天宁寺外	1800000	-1	-1	205	-1	1	-1	-1	0	1	-1	-1	-1	1	1	1	-1	-1	-1	0	0	0	-1	-1	-1	-1	-1	-1	-1	-1
332	1	洛阳	1800000	-1	-1	205	-1	1	-1	-1	0	1	-1	-1	-1	1	1	1	-1	-1	-1	0	0	0	-1	-1	-1	-1	-1	-1	-1	-1
333	1	洛阳	1800000	-1	-1	205	-1	1	-1	-1	0	1	-1	-1	-1	1	1	1	-1	-1	-1	0	0	0	-1	-1	-1	-1	-1	-1	-1	-1
334	1	霁府	1800000	-1	-1	205	-1	1	-1	-1	0	1	-1	-1	-1	1	1	1	-1	-1	-1	0	0	0	-1	-1	-1	-1	-1	-1	-1	-1
335	1	霁府	1800000	-1	-1	205	-1	1	-1	-1	0	1	-1	-1	-1	1	1	1	-1	-1	-1	0	0	0	-1	-1	-1	-1	-1	-1	-1	-1
336	1	少室山脚下	1800000	-1	-1	205	-1	1	-1	-1	0	1	-1	-1	-1	1	1	1	-1	-1	-1	0	0	0	-1	-1	-1	-1	-1	-1	-1	-1
337	1	少林寺	1800000	-1	-1	205	-1	1	-1	-1	0	1	-1	-1	-1	1	1	1	-1	-1	-1	0	0	0	-1	-1	-1	-1	-1	-1	-1	-1
338	1	少林寺	1800000	-1	-1	205	-1	1	-1	-1	0	1	-1	-1	-1	1	1	1	-1	-1	-1	0	0	0	-1	-1	-1	-1	-1	-1	-1	-1
339	1	天宁寺	1800000	-1	-1	205	-1	1	-1	-1	0	1	-1	-1	-1	1	1	1	-1	-1	-1	0	0	0	-1	-1	-1	-1	-1	-1	-1	-1
340	1	无量山试剑	-1	-1	-1	205	-1	17	-1	-1	0	1	-1	-1	-1	1	1	1	-1	-1	-1	0	0	0	-1	-1	-1	-1	-1	-1	-1	-1
391	1	剑湖宫山下	1800000	-1	-1	205	-1	1	-1	-1	0	1	-1	-1	-1	1	1	1	-1	-1	-1	0	0	0	-1	-1	-1	-1	-1	-1	-1	-1
392	1	剑湖宫山下	1800000	-1	-1	205	-1	1	-1	-1	0	1	-1	-1	-1	1	1	1	-1	-1	-1	0	0	0	-1	-1	-1	-1	-1	-1	-1	-1
394	1	百花谷	1800000	-1	-1	205	-1	1	-1	-1	0	1	-1	-1	-1	1	1	1	-1	-1	-1	0	0	0	-1	-1	-1	-1	-1	-1	-1	-1
395	1	白马寺	1800000	-1	-1	205	-1	1	-1	-1	0	1	-1	-1	-1	1	1	1	-1	-1	-1	0	0	0	-1	-1	-1	-1	-1	-1	-1	-1
396	1	马大元府	1800000	-1	-1	205	-1	1	-1	-1	0	1	-1	-1	-1	1	1	1	-1	-1	-1	0	0	0	-1	-1	-1	-1	-1	-1	-1	-1
750	1	宋辽之争	1800000	-1	-1	205	-1	1	-1	-1	0	1	-1	-1	-1	1	1	1	-1	-1	-1	0	0	0	-1	-1	-1	-1	-1	-1	-1	-1
751	1	大军来袭	1800000	-1	-1	205	-1	1	-1	-1	0	1	-1	-1	-1	1	1	1	-1	-1	-1	0	0	0	-1	-1	-1	-1	-1	-1	-1	-1
752	1	乱石谷	1800000	-1	-1	205	-1	1	-1	-1	0	1	-1	-1	-1	1	1	1	-1	-1	-1	0	0	0	-1	-1	-1	-1	-1	-1	-1	-1
753	1	乱石谷	1800000	-1	-1	205	-1	1	-1	-1	0	1	-1	-1	-1	1	1	1	-1	-1	-1	0	0	0	-1	-1	-1	-1	-1	-1	-1	-1
754	1	乱石谷	1800000	-1	-1	205	-1	1	-1	-1	0	1	-1	-1	-1	1	1	1	-1	-1	-1	0	0	0	-1	-1	-1	-1	-1	-1	-1	-1
755	1	小镜湖	1800000	-1	-1	205	-1	1	-1	-1	0	1	-1	-1	-1	1	1	1	-1	-1	-1	0	0	0	-1	-1	-1	-1	-1	-1	-1	-1
756	1	小镜湖	1800000	-1	-1	205	-1	1	-1	-1	0	1	-1	-1	-1	1	1	1	-1	-1	-1	0	0	0	-1	-1	-1	-1	-1	-1	-1	-1
757	1	小镜湖	1800000	-1	-1	205	-1	1	-1	-1	0	1	-1	-1	-1	1	1	1	-1	-1	-1	0	0	0	-1	-1	-1	-1	-1	-1	-1	-1
758	1	大理	1800000	-1	-1	205	-1	1	-1	-1	0	1	-1	-1	-1	1	1	1	-1	-1	-1	0	0	0	-1	-1	-1	-1	-1	-1	-1	-1
759	1	大理	1800000	-1	-1	205	-1	1	-1	-1	0	1	-1	-1	-1	1	1	1	-1	-1	-1	0	0	0	-1	-1	-1	-1	-1	-1	-1	-1
760	1	大理	1800000	-1	-1	205	-1	1	-1	-1	0	1	-1	-1	-1	1	1	1	-1	-1	-1	0	0	0	-1	-1	-1	-1	-1	-1	-1	-1
762	1	镜湖	1800000	-1	-1	205	-1	1	-1	-1	0	1	-1	-1	-1	1	1	1	-1	-1	-1	0	0	0	-1	-1	-1	-1	-1	-1	-1	-1
763	1	梦境	1800000	-1	-1	205	-1	1	-1	-1	0	1	-1	-1	-1	1	1	1	-1	-1	-1	0	0	0	-1	-1	-1	-1	-1	-1	-1	-1
764	1	大理	1800000	-1	-1	205	-1	1	-1	-1	0	1	-1	-1	-1	1	1	1	-1	-1	-1	0	0	0	-1	-1	-1	-1	-1	-1	-1	-1
350	1	镇南王府	1800000	-1	-1	205	-1	1	-1	-1	0	1	-1	-1	-1	1	1	1	-1	-1	-1	0	0	0	-1	-1	-1	-1	-1	-1	-1	-1
351	1	镇南王府	1800000	-1	-1	205	-1	1	-1	-1	0	1	-1	-1	-1	1	1	1	-1	-1	-1	0	0	0	-1	-1	-1	-1	-1	-1	-1	-1
373	1	镇南王府	180000	-1	-1	205	-1	1	-1	-1	0	1	-1	-1	-1	1	1	1	-1	-1	-1	0	0	0	-1	-1	-1	-1	-1	-1	-1	-1
374	1	大理城	1800000	-1	-1	205	-1	1	-1	-1	0	1	-1	-1	-1	1	1	1	-1	-1	-1	0	0	0	-1	-1	-1	-1	-1	-1	-1	-1
375	1	万劫谷	1800000	-1	-1	205	-1	1	-1	-1	0	1	-1	-1	-1	1	1	1	-1	-1	-1	0	0	0	-1	-1	-1	-1	-1	-1	-1	-1
376	1	松鹤楼	1800000	-1	-1	205	-1	1	-1	-1	0	1	-1	-1	-1	1	1	1	-1	-1	-1	0	0	0	-1	-1	-1	-1	-1	-1	-1	-1
377	1	万劫谷	1800000	-1	-1	205	-1	1	-1	-1	0	1	-1	-1	-1	1	1	1	-1	-1	-1	0	0	0	-1	-1	-1	-1	-1	-1	-1	-1
378	1	大理石桥	1800000	-1	-1	205	-1	1	-1	-1	0	1	-1	-1	-1	1	1	1	-1	-1	-1	0	0	0	-1	-1	-1	-1	-1	-1	-1	-1
379	1	五步林	1800000	-1	-1	205	-1	1	-1	-1	0	1	-1	-1	-1	1	1	1	-1	-1	-1	0	0	0	-1	-1	-1	-1	-1	-1	-1	-1
380	1	大理城郊	1800000	-1	-1	205	-1	1	-1	-1	0	1	-1	-1	-1	1	1	1	-1	-1	-1	0	0	0	-1	-1	-1	-1	-1	-1	-1	-1
381	1	大理城郊	1800000	-1	-1	205	-1	1	-1	-1	0	1	-1	-1	-1	1	1	1	-1	-1	-1	0	0	0	-1	-1	-1	-1	-1	-1	-1	-1
382	1	大理城郊	1800000	-1	-1	205	-1	1	-1	-1	0	1	-1	-1	-1	1	1	1	-1	-1	-1	0	0	0	-1	-1	-1	-1	-1	-1	-1	-1
383	1	大理城	1800000	-1	-1	205	-1	1	-1	-1	0	1	-1	-1	-1	1	1	1	-1	-1	-1	0	0	0	-1	-1	-1	-1	-1	-1	-1	-1
384	1	兴庆府·黑市	1800000	-1	-1	205	-1	1	-1	-1	0	1	-1	-1	-1	1	1	1	-1	-1	-1	0	0	0	-1	-1	-1	-1	-1	-1	-1	-1
385	1	兴庆府·城门外	1800000	-1	-1	205	-1	1	-1	-1	0	1	-1	-1	-1	1	1	1	-1	-1	-1	0	0	0	-1	-1	-1	-1	-1	-1	-1	-1
386	1	洛阳·丐帮总舵	1800000	-1	-1	205	-1	1	-1	-1	0	1	-1	-1	-1	1	1	1	-1	-1	-1	0	0	0	-1	-1	-1	-1	-1	-1	-1	-1
387	1	护送物资	1800000	-1	-1	205	-1	1	-1	-1	0	1	-1	-1	-1	1	1	1	-1	-1	-1	0	0	0	-1	-1	-1	-1	-1	-1	-1	-1
388	1	大理城郊	1800000	-1	-1	205	-1	1	-1	-1	0	1	-1	-1	-1	1	1	1	-1	-1	-1	0	0	0	-1	-1	-1	-1	-1	-1	-1	-1
389	1	万劫谷马场	1800000	-1	-1	205	-1	1	-1	-1	0	1	-1	-1	-1	1	1	1	-1	-1	-1	0	0	0	-1	-1	-1	-1	-1	-1	-1	-1
390	1	西洲沙海	1800000	-1	-1	205	-1	1	-1	-1	0	1	-1	-1	-1	1	1	1	-1	-1	-1	0	0	0	-1	-1	-1	-1	-1	-1	-1	-1
352	1	无量山	1800000	-1	-1	205	-1	1	-1	-1	0	1	-1	-1	-1	1	1	1	-1	-1	-1	0	0	0	-1	-1	-1	-1	-1	-1	-1	-1
353	1	洛阳城外	1800000	-1	-1	205	-1	1	-1	-1	0	1	-1	-1	-1	1	1	1	-1	-1	-1	0	0	0	-1	-1	-1	-1	-1	-1	-1	-1
354	1	洛阳	1800000	-1	-1	205	-1	1	-1	-1	0	1	-1	-1	-1	1	1	1	-1	-1	-1	0	0	0	-1	-1	-1	-1	-1	-1	-1	-1
355	1	谷后深林	1800000	-1	-1	205	-1	1	-1	-1	0	1	-1	-1	-1	1	1	1	-1	-1	-1	0	0	0	-1	-1	-1	-1	-1	-1	-1	-1
356	1	洛阳城外	1800000	-1	-1	205	-1	1	-1	-1	0	1	-1	-1	-1	1	1	1	-1	-1	-1	0	0	0	-1	-1	-1	-1	-1	-1	-1	-1
357	1	洛阳	1800000	-1	-1	205	-1	1	-1	-1	0	1	-1	-1	-1	1	1	1	-1	-1	-1	0	0	0	-1	-1	-1	-1	-1	-1	-1	-1
358	1	洛阳城外	1800000	-1	-1	205	-1	1	-1	-1	0	1	-1	-1	-1	1	1	1	-1	-1	-1	0	0	0	-1	-1	-1	-1	-1	-1	-1	-1
359	1	勇闯山寨	1800000	-1	-1	205	-1	1	-1	-1	0	1	-1	-1	-1	1	1	1	-1	-1	-1	0	0	0	-1	-1	-1	-1	-1	-1	-1	-1
360	1	洛阳	1800000	-1	-1	205	-1	1	-1	-1	0	1	-1	-1	-1	1	1	1	-1	-1	-1	0	0	0	-1	-1	-1	-1	-1	-1	-1	-1
361	1	洛阳	1800000	-1	-1	205	-1	1	-1	-1	0	1	-1	-1	-1	1	1	1	-1	-1	-1	0	0	0	-1	-1	-1	-1	-1	-1	-1	-1
362	1	大理	1800000	-1	-1	205	-1	1	-1	-1	0	1	-1	-1	-1	1	1	1	-1	-1	-1	0	0	0	-1	-1	-1	-1	-1	-1	-1	-1
363	1	大理	1800000	-1	-1	205	-1	1	-1	-1	0	1	-1	-1	-1	1	1	1	-1	-1	-1	0	0	0	-1	-1	-1	-1	-1	-1	-1	-1
364	1	摆夷村寨	1800000	-1	-1	205	-1	1	-1	-1	0	1	-1	-1	-1	1	1	1	-1	-1	-1	0	0	0	-1	-1	-1	-1	-1	-1	-1	-1
365	1	大理朱府	1800000	-1	-1	205	-1	1	-1	-1	0	1	-1	-1	-1	1	1	1	-1	-1	-1	0	0	0	-1	-1	-1	-1	-1	-1	-1	-1
366	1	大理朱府	1800000	-1	-1	205	-1	1	-1	-1	0	1	-1	-1	-1	1	1	1	-1	-1	-1	0	0	0	-1	-1	-1	-1	-1	-1	-1	-1
367	1	大理城外	1800000	-1	-1	205	-1	1	-1	-1	0	1	-1	-1	-1	1	1	1	-1	-1	-1	0	0	0	-1	-1	-1	-1	-1	-1	-1	-1
368	1	大理城外	1800000	-1	-1	205	-1	1	-1	-1	0	1	-1	-1	-1	1	1	1	-1	-1	-1	0	0	0	-1	-1	-1	-1	-1	-1	-1	-1
369	1	大理城外	1800000	-1	-1	205	-1	1	-1	-1	0	1	-1	-1	-1	1	1	1	-1	-1	-1	0	0	0	-1	-1	-1	-1	-1	-1	-1	-1
370	1	洛阳	1800000	-1	-1	205	-1	1	-1	-1	0	1	-1	-1	-1	1	1	1	-1	-1	-1	0	0	0	-1	-1	-1	-1	-1	-1	-1	-1
371	1	勇闯山寨	1800000	-1	-1	205	-1	1	-1	-1	0	1	-1	-1	-1	1	1	1	-1	1	-1	0	0	0	-1	-1	-1	-1	-1	-1	-1	-1
372	1	洛阳	1800000	-1	-1	205	-1	1	-1	-1	0	1	-1	-1	-1	1	1	1	-1	-1	-1	0	0	0	-1	-1	-1	-1	-1	-1	-1	-1
393	1	洛阳	1800000	-1	-1	205	-1	1	-1	-1	0	1	-1	-1	-1	1	1	1	-1	-1	-1	0	0	0	-1	-1	-1	-1	-1	-1	-1	-1
397	1	洛阳	1800000	-1	-1	205	-1	1	-1	-1	0	1	-1	-1	-1	1	1	1	-1	-1	-1	0	0	0	-1	-1	-1	-1	-1	-1	-1	-1
398	1	洛阳	1800000	-1	-1	205	-1	1	-1	-1	0	1	-1	-1	-1	1	1	1	-1	-1	-1	0	0	0	-1	-1	-1	-1	-1	-1	-1	-1
399	1	洛阳	1800000	-1	-1	205	-1	1	-1	-1	0	1	-1	-1	-1	1	1	1	-1	-1	-1	0	0	0	-1	-1	-1	-1	-1	-1	-1	-1
400	1	失落秦墓·宝藏主人	1230000	-1	-1	104	-1	1	-1	-1	0	0	0	-1	-1	1	-1	1	-1	-1	-1	0	0	0	-1	-1	-1	-1	-1	-1	-1	-1
401	1	失落秦墓·稀世宝藏	1800000	-1	-1	201	-1	8	-1	-1	0	0	0	-1	-1	1	1	1	-1	1	-1	0	0	0	-1	-1	-1	-1	-1	-1	-1	-1
402	1	武学展示	60000	-1	-1	203	-1	1	-1	-1	0	1	-1	-1	-1	1	1	1	-1	-1	-1	0	0	0	-1	-1	-1	-1	-1	-1	-1	-1
403	1	武学展示	60000	-1	-1	203	-1	1	-1	-1	0	1	-1	-1	-1	1	1	1	-1	-1	-1	0	0	0	-1	-1	-1	-1	-1	-1	-1	-1
404	1	武学展示	60000	-1	-1	203	-1	1	-1	-1	0	1	-1	-1	-1	1	1	1	-1	-1	-1	0	0	0	-1	-1	-1	-1	-1	-1	-1	-1
405	1	武学展示	60000	-1	-1	203	-1	1	-1	-1	0	1	-1	-1	-1	1	1	1	-1	-1	-1	0	0	0	-1	-1	-1	-1	-1	-1	-1	-1
406	1	武学展示	60000	-1	-1	203	-1	1	-1	-1	0	1	-1	-1	-1	1	1	1	-1	-1	-1	0	0	0	-1	-1	-1	-1	-1	-1	-1	-1
407	1	武学展示	60000	-1	-1	203	-1	1	-1	-1	0	1	-1	-1	-1	1	1	1	-1	-1	-1	0	0	0	-1	-1	-1	-1	-1	-1	-1	-1
408	1	武学展示	60000	-1	-1	203	-1	1	-1	-1	0	1	-1	-1	-1	1	1	1	-1	-1	-1	0	0	0	-1	-1	-1	-1	-1	-1	-1	-1
409	1	武学展示	60000	-1	-1	203	-1	1	-1	-1	0	1	-1	-1	-1	1	1	1	-1	-1	-1	0	0	0	-1	-1	-1	-1	-1	-1	-1	-1
410	1	武学展示	60000	-1	-1	203	-1	1	-1	-1	0	1	-1	-1	-1	1	1	1	-1	-1	-1	0	0	0	-1	-1	-1	-1	-1	-1	-1	-1
411	1	武学展示	60000	-1	-1	203	-1	1	-1	-1	0	1	-1	-1	-1	1	1	1	-1	-1	-1	0	0	0	-1	-1	-1	-1	-1	-1	-1	-1
412	1	指点武功	600000	-1	-1	204	-1	1	-1	-1	0	1	-1	-1	-1	1	1	1	-1	-1	-1	0	0	0	-1	-1	-1	-1	-1	-1	-1	-1
413	1	指点武功	600000	-1	-1	204	-1	1	-1	-1	0	1	-1	-1	-1	1	1	1	-1	-1	-1	0	0	0	-1	-1	-1	-1	-1	-1	-1	-1
414	1	指点武功	600000	-1	-1	204	-1	1	-1	-1	0	1	-1	-1	-1	1	1	1	-1	-1	-1	0	0	0	-1	-1	-1	-1	-1	-1	-1	-1
415	1	指点武功	600000	-1	-1	204	-1	1	-1	-1	0	1	-1	-1	-1	1	1	1	-1	-1	-1	0	0	0	-1	-1	-1	-1	-1	-1	-1	-1
416	1	指点武功	600000	-1	-1	204	-1	1	-1	-1	0	1	-1	-1	-1	1	1	1	-1	-1	-1	0	0	0	-1	-1	-1	-1	-1	-1	-1	-1
417	1	指点武功	600000	-1	-1	204	-1	1	-1	-1	0	1	-1	-1	-1	1	1	1	-1	-1	-1	0	0	0	-1	-1	-1	-1	-1	-1	-1	-1
418	1	指点武功	600000	-1	-1	204	-1	1	-1	-1	0	1	-1	-1	-1	1	1	1	-1	-1	-1	0	0	0	-1	-1	-1	-1	-1	-1	-1	-1
419	1	指点武功	600000	-1	-1	204	-1	1	-1	-1	0	1	-1	-1	-1	1	1	1	-1	-1	-1	0	0	0	-1	-1	-1	-1	-1	-1	-1	-1
420	1	指点武功	600000	-1	-1	204	-1	1	-1	-1	0	1	-1	-1	-1	1	1	1	-1	-1	-1	0	0	0	-1	-1	-1	-1	-1	-1	-1	-1
421	1	指点武功	600000	-1	-1	204	-1	1	-1	-1	0	1	-1	-1	-1	1	1	1	-1	-1	-1	0	0	0	-1	-1	-1	-1	-1	-1	-1	-1
422	1	失落秦墓·擒贼	150000	-1	-1	104	-1	1	-1	-1	0	0	0	-1	-1	1	-1	1	-1	-1	-1	0	0	0	-1	-1	-1	-1	-1	-1	-1	-1
423	1	千金寻踪图	600000	-1	-1	104	-1	1	-1	-1	0	0	0	-1	-1	1	-1	1	-1	-1	-1	0	0	0	-1	-1	-1	-1	-1	-1	-1	-1
424	1	追击宵小	300000	-1	-1	2	13	11	-1	1	0	0	0	-1	-1	1	-1	1	-1	-1	-1	1	0	0	-1	-1	-1	-1	-1	-1	1	1
425	1	追击宵小	300000	-1	-1	2	13	11	-1	1	0	0	0	-1	-1	1	-1	1	-1	-1	-1	1	0	0	-1	-1	-1	-1	-1	-1	1	1
426	1	追击宵小	300000	-1	-1	2	13	11	-1	1	0	0	0	-1	-1	1	-1	1	-1	-1	-1	1	0	0	-1	-1	-1	-1	-1	-1	1	1
427	1	追击宵小	300000	-1	-1	2	13	11	-1	1	0	0	0	-1	-1	1	-1	1	-1	-1	-1	1	0	0	-1	-1	-1	-1	-1	-1	1	1
428	1	追击宵小	300000	-1	-1	2	13	11	-1	1	0	0	0	-1	-1	1	-1	1	-1	-1	-1	1	0	0	-1	-1	-1	-1	-1	-1	1	1
429	1	追击宵小	300000	-1	-1	2	13	11	-1	1	0	0	0	-1	-1	1	-1	1	-1	-1	-1	1	0	0	-1	-1	-1	-1	-1	-1	1	1
430	1	追击宵小	300000	-1	-1	2	13	11	-1	1	0	0	0	-1	-1	1	-1	1	-1	-1	-1	1	0	0	-1	-1	-1	-1	-1	-1	1	1
431	1	追击宵小	300000	-1	-1	2	13	11	-1	1	0	0	0	-1	-1	1	-1	1	-1	-1	-1	1	0	0	-1	-1	-1	-1	-1	-1	1	1
432	1	追击宵小	300000	-1	-1	2	13	11	-1	1	0	0	0	-1	-1	1	-1	1	-1	-1	-1	1	0	0	-1	-1	-1	-1	-1	-1	1	1
433	1	问剑江湖	210000	-1	-1	208	-1	1	-1	-1	0	0	0	-1	-1	1	-1	1	-1	-1	-1	0	0	0	-1	-1	-1	-1	-1	-1	-1	-1
434	1	问剑江湖	210000	-1	-1	208	-1	1	-1	-1	0	0	0	-1	-1	1	-1	1	-1	-1	-1	0	0	0	-1	-1	-1	-1	-1	-1	-1	-1
435	1	问剑江湖	210000	-1	-1	208	-1	1	-1	-1	0	0	0	-1	-1	1	-1	1	-1	-1	-1	0	0	0	-1	-1	-1	-1	-1	-1	-1	-1
436	1	问剑江湖	210000	-1	-1	208	-1	1	-1	-1	0	0	0	-1	-1	1	-1	1	-1	-1	-1	0	0	0	-1	-1	-1	-1	-1	-1	-1	-1
437	1	问剑江湖	210000	-1	-1	208	-1	1	-1	-1	0	0	0	-1	-1	1	-1	1	-1	-1	-1	0	0	0	-1	-1	-1	-1	-1	-1	-1	-1
438	1	问剑江湖	210000	-1	-1	208	-1	1	-1	-1	0	0	0	-1	-1	1	-1	1	-1	-1	-1	0	0	0	-1	-1	-1	-1	-1	-1	-1	-1
439	1	问剑江湖	210000	-1	-1	208	-1	1	-1	-1	0	0	0	-1	-1	1	-1	1	-1	-1	-1	0	0	0	-1	-1	-1	-1	-1	-1	-1	-1
440	1	问剑江湖	210000	-1	-1	208	-1	1	-1	-1	0	0	0	-1	-1	1	-1	1	-1	-1	-1	0	0	0	-1	-1	-1	-1	-1	-1	-1	-1
441	1	问剑江湖	210000	-1	-1	208	-1	1	-1	-1	0	0	0	-1	-1	1	-1	1	-1	-1	-1	0	0	0	-1	-1	-1	-1	-1	-1	-1	-1
442	1	宗师殿	2010000	-1	-1	209	19	1	-1	-1	0	0	0	-1	-1	1	-1	1	-1	-1	-1	0	0	0	-1	-1	-1	-1	-1	-1	-1	-1
443	1	江湖饭馆·醉轩楼	99999999	-1	-1	211	51	17	-1	-1	0	0	0	-1	-1	-1	-1	-1	-1	-1	-1	1	0	0	-1	-1	-1	-1	-1	-1	-1	-1
444	1	问剑江湖	210000	-1	-1	208	-1	1	-1	-1	0	0	0	-1	-1	1	-1	1	-1	-1	-1	0	0	0	-1	-1	-1	-1	-1	-1	-1	-1
445	1	AI交互	210000	-1	-1	208	-1	1	-1	-1	0	0	0	-1	-1	1	-1	1	-1	-1	-1	0	0	0	-1	-1	-1	-1	-1	-1	-1	-1
446	1	AI交互	210000	-1	-1	208	-1	1	-1	-1	0	0	0	-1	-1	1	-1	1	-1	-1	-1	0	0	0	-1	-1	-1	-1	-1	-1	-1	-1
447	1	AI交互	210000	-1	-1	208	-1	1	-1	-1	0	0	0	-1	-1	1	-1	1	-1	-1	-1	0	0	0	-1	-1	-1	-1	-1	-1	-1	-1
448	1	AI交互	210000	-1	-1	208	-1	1	-1	-1	0	0	0	-1	-1	1	-1	1	-1	-1	-1	0	0	0	-1	-1	-1	-1	-1	-1	-1	-1
449	1	江湖饭馆·醉轩楼	99999999	-1	-1	215	-1	1	-1	-1	0	0	0	-1	-1	-1	-1	-1	-1	-1	-1	1	0	0	-1	-1	-1	-1	-1	-1	-1	-1
450	1	师门赠礼	600000	-1	-1	204	-1	1	-1	-1	0	1	-1	-1	-1	1	1	1	-1	-1	-1	0	0	0	-1	-1	-1	-1	-1	-1	-1	-1
451	1	师门赠礼	600000	-1	-1	204	-1	1	-1	-1	0	1	-1	-1	-1	1	1	1	-1	-1	-1	0	0	0	-1	-1	-1	-1	-1	-1	-1	-1
452	1	师门赠礼	600000	-1	-1	204	-1	1	-1	-1	0	1	-1	-1	-1	1	1	1	-1	-1	-1	0	0	0	-1	-1	-1	-1	-1	-1	-1	-1
453	1	师门赠礼	600000	-1	-1	204	-1	1	-1	-1	0	1	-1	-1	-1	1	1	1	-1	-1	-1	0	0	0	-1	-1	-1	-1	-1	-1	-1	-1
454	1	师门赠礼	600000	-1	-1	204	-1	1	-1	-1	0	1	-1	-1	-1	1	1	1	-1	-1	-1	0	0	0	-1	-1	-1	-1	-1	-1	-1	-1
455	1	师门赠礼	600000	-1	-1	204	-1	1	-1	-1	0	1	-1	-1	-1	1	1	1	-1	-1	-1	0	0	0	-1	-1	-1	-1	-1	-1	-1	-1
456	1	师门赠礼	600000	-1	-1	204	-1	1	-1	-1	0	1	-1	-1	-1	1	1	1	-1	-1	-1	0	0	0	-1	-1	-1	-1	-1	-1	-1	-1
457	1	师门赠礼	600000	-1	-1	204	-1	1	-1	-1	0	1	-1	-1	-1	1	1	1	-1	-1	-1	0	0	0	-1	-1	-1	-1	-1	-1	-1	-1
458	1	师门赠礼	600000	-1	-1	204	-1	1	-1	-1	0	1	-1	-1	-1	1	1	1	-1	-1	-1	0	0	0	-1	-1	-1	-1	-1	-1	-1	-1
459	1	师门赠礼	600000	-1	-1	204	-1	1	-1	-1	0	1	-1	-1	-1	1	1	1	-1	-1	-1	0	0	0	-1	-1	-1	-1	-1	-1	-1	-1
460	1	神都剑阵	170000	2016	-1	109	25	7	-1	1	0	0	0	-1	-1	1	-1	1	-1	-1	-1	0	0	0	-1	-1	-1	-1	-1	-1	-1	-1
461	1	轩辕台一层	790000	2017	-1	112	31	3	-1	-1	0	1	0	-1	-1	1	-1	1	-1	-1	-1	0	5000	0	-1	-1	-1	-1	-1	-1	-1	-1
462	1	轩辕台二层·逐鹿	650000	2017	-1	112	31	3	-1	-1	0	1	0	-1	-1	1	-1	1	-1	-1	-1	0	-11500	0	-1	-1	-1	-1	-1	-1	-1	-1
463	1	轩辕台二层·破釜	650000	2017	-1	112	31	3	-1	-1	0	1	0	-1	-1	1	-1	1	-1	-1	-1	0	-11500	0	-1	-1	-1	-1	-1	-1	-1	-1
464	1	轩辕台三层·逐鹿	470000	2017	-1	112	31	3	-1	-1	0	1	0	-1	-1	1	-1	1	-1	-1	-1	0	0	0	-1	-1	-1	-1	-1	-1	-1	-1
465	1	轩辕台三层·破釜	470000	2017	-1	112	31	3	-1	-1	0	1	0	-1	-1	1	-1	1	-1	-1	-1	0	0	0	-1	-1	-1	-1	-1	-1	-1	-1
466	1	3级城市	3960000	2063	-1	113	53	3	-1	-1	0	0	0	-1	-1	1	-1	1	-1	-1	-1	0	0	0	-1	-1	-1	-1	-1	-1	-1	-1
467	1	2级城市	3960000	2063	-1	113	53	3	-1	-1	0	0	0	-1	-1	1	-1	1	-1	-1	-1	0	0	0	-1	-1	-1	-1	-1	-1	-1	-1
468	1	1级城市	3960000	2063	-1	113	53	3	-1	-1	0	0	0	-1	-1	1	-1	1	-1	-1	-1	0	0	0	-1	-1	-1	-1	-1	-1	-1	-1
469	1	江湖饭馆·醉轩楼	99999999	-1	-1	211	51	17	-1	-1	0	0	0	-1	-1	-1	-1	-1	-1	-1	-1	1	0	0	-1	-1	-1	-1	-1	-1	-1	-1
470	1	攻守兼备	1800000	-1	-1	205	-1	1	-1	-1	0	1	-1	-1	-1	1	1	1	-1	-1	-1	0	0	0	-1	-1	-1	-1	-1	-1	-1	-1
471	1	攻守兼备	1800000	-1	-1	205	-1	1	-1	-1	0	1	-1	-1	-1	1	1	1	-1	-1	-1	0	0	0	-1	-1	-1	-1	-1	-1	-1	-1
472	1	攻守兼备	1800000	-1	-1	205	-1	1	-1	-1	0	1	-1	-1	-1	1	1	1	-1	-1	-1	0	0	0	-1	-1	-1	-1	-1	-1	-1	-1
473	1	攻守兼备	1800000	-1	-1	205	-1	1	-1	-1	0	1	-1	-1	-1	1	1	1	-1	-1	-1	0	0	0	-1	-1	-1	-1	-1	-1	-1	-1
474	1	攻守兼备	1800000	-1	-1	205	-1	1	-1	-1	0	1	-1	-1	-1	1	1	1	-1	-1	-1	0	0	0	-1	-1	-1	-1	-1	-1	-1	-1
475	1	攻守兼备	1800000	-1	-1	205	-1	1	-1	-1	0	1	-1	-1	-1	1	1	1	-1	-1	-1	0	0	0	-1	-1	-1	-1	-1	-1	-1	-1
476	1	录屏测试场景	99999999	-1	-1	37	-1	15	-1	1	0	1	0	-1	-1	1	1	1	-1	1	1	0	0	0	-1	-1	-1	-1	-1	-1	-1	-1
477	1	桃源秘境	1800000	-1	-1	205	-1	1	-1	-1	0	1	0	-1	-1	1	1	1	-1	-1	-1	0	0	0	-1	-1	-1	-1	-1	-1	-1	-1
478	1	武道巅峰挑战场	200000	-1	-1	238	-1	1	-1	-1	0	1	0	-1	-1	1	-1	1	-1	1	-1	0	0	1	-1	-1	-1	-1	-1	-1	-1	-1
479	1	武道巅峰挑战场	1800000	-1	-1	238	-1	1	-1	-1	0	1	0	-1	-1	1	-1	1	-1	1	-1	0	0	1	-1	-1	-1	-1	-1	-1	-1	-1
480	1	武道巅峰挑战场	200000	-1	-1	238	-1	1	-1	-1	0	1	0	-1	-1	1	-1	1	-1	1	-1	0	0	1	-1	-1	-1	-1	-1	-1	-1	-1
481	1	武道巅峰挑战场	200000	-1	-1	238	-1	1	-1	-1	0	1	0	-1	-1	1	-1	1	-1	1	-1	0	0	1	-1	-1	-1	-1	-1	-1	-1	-1
482	1	指点武功	600000	-1	-1	204	-1	1	-1	-1	0	1	-1	-1	-1	1	1	1	-1	-1	-1	0	0	0	-1	-1	-1	-1	-1	-1	-1	-1
483	1	纵横集市	200000	-1	-1	238	1	1	-1	-1	0	1	0	-1	-1	1	-1	1	2	1	-1	0	0	1	-1	-1	-1	-1	-1	-1	1	-1
484	1	发财大厅	200000	-1	-1	238	-1	1	-1	-1	0	1	0	-1	-1	1	-1	1	3	-1	-1	0	0	1	-1	-1	-1	-1	-1	-1	-1	-1
485	1	师门赠礼	600000	-1	-1	204	-1	1	-1	-1	0	1	-1	-1	-1	1	1	1	-1	-1	-1	0	0	0	-1	-1	-1	-1	-1	-1	-1	-1
486	1	武学展示	60000	-1	-1	203	-1	1	-1	-1	0	1	-1	-1	-1	1	1	1	-1	-1	-1	0	0	0	-1	-1	-1	-1	-1	-1	-1	-1
495	1	华山论剑	220000	3005	-1	109	57	7	-1	1	0	0	0	-1	-1	1	-1	1	-1	-1	-1	0	0	0	-1	-1	-1	-1	-1	-1	-1	-1
496	1	华山论剑	220000	3005	-1	109	-1	7	-1	1	0	0	0	-1	-1	1	-1	1	-1	-1	-1	0	0	0	-1	-1	-1	-1	-1	-1	-1	-1
497	1	华山论剑	300000	3005	-1	109	-1	7	-1	1	0	0	0	-1	-1	1	-1	1	-1	-1	-1	0	0	0	-1	-1	-1	-1	-1	-1	-1	-1
498	1	洛阳	600000	-1	-1	129	-1	1	-1	-1	0	0	0	-1	-1	1	-1	1	-1	-1	-1	0	0	0	-1	-1	-1	-1	-1	-1	-1	-1
499	1	训练房间	210000	-1	-1	209	19	3	-1	-1	0	0	0	-1	-1	1	-1	1	-1	-1	-1	0	0	0	-1	-1	-1	-1	-1	-1	-1	-1
500	1	锐金五行旗	900000	-1	-1	222	-1	2	-1	1	0	1	0	-1	-1	1	1	1	-1	1	-1	0	0	0	-1	-1	-1	-1	-1	-1	1	1
501	1	巨木五行旗	900000	-1	-1	222	-1	2	-1	1	0	1	0	-1	-1	1	1	1	-1	1	-1	0	0	0	-1	-1	-1	-1	-1	-1	1	1
502	1	洪水五行旗	900000	-1	-1	222	-1	2	-1	1	0	1	0	-1	-1	1	1	1	-1	1	-1	0	0	0	-1	-1	-1	-1	-1	-1	1	1
503	1	烈火五行旗	900000	-1	-1	222	-1	2	-1	1	0	1	0	-1	-1	1	1	1	-1	1	-1	0	0	0	-1	-1	-1	-1	-1	-1	1	1
504	1	厚土五行旗	900000	-1	-1	222	-1	2	-1	1	0	1	0	-1	-1	1	1	1	-1	1	-1	0	0	0	-1	-1	-1	-1	-1	-1	1	1
505	1	魔教阴影	900000	-1	-1	218	-1	1	-1	1	0	1	0	-1	-1	1	1	1	-1	1	-1	0	0	0	-1	-1	-1	-1	-1	-1	1	1
506	1	回忆中的魔教	900000	-1	-1	218	-1	1	-1	1	0	1	0	-1	-1	1	1	1	-1	1	-1	0	0	0	-1	-1	-1	-1	-1	-1	1	1
507	1	萧远山战斗	3600000	-1	-1	1	-1	1	-1	-1	0	0	0	-1	-1	1	-1	1	-1	-1	-1	0	0	0	-1	-1	-1	-1	-1	-1	1	1
508	1	缥缈峰	1800000	-1	22	223	21	15	3	1	0	1	0	-1	-1	1	-1	1	-1	-1	1	0	0	1	-1	-1	-1	-1	-1	-1	3	217
509	1	明教宝库	400000	-1	-1	222	-1	15	-1	1	0	1	0	-1	-1	1	1	1	-1	1	-1	0	0	0	-1	-1	-1	-1	-1	-1	1	1
510	1	天龙寺	900000	-1	-1	218	-1	1	-1	1	0	1	0	-1	-1	1	1	1	-1	1	-1	0	0	0	-1	-1	-1	-1	-1	-1	1	1
511	1	遇险·泼皮拦路	180000	-1	-1	205	-1	1	-1	-1	0	1	-1	-1	-1	1	1	1	-1	-1	-1	0	0	0	-1	-1	-1	-1	-1	-1	-1	-1
512	1	巧遇·切磋武艺	180000	-1	-1	205	-1	1	-1	-1	0	1	-1	-1	-1	1	1	1	-1	-1	-1	0	0	0	-1	-1	-1	-1	-1	-1	-1	-1
530	1	洛阳	1800000	-1	-1	205	-1	1	-1	-1	0	1	-1	-1	-1	1	1	1	-1	-1	-1	0	0	0	-1	-1	-1	-1	-1	-1	-1	-1
531	1	洛阳	1800000	-1	-1	205	-1	1	-1	-1	0	1	-1	-1	-1	1	1	1	-1	-1	-1	0	0	0	-1	-1	-1	-1	-1	-1	-1	-1
532	1	洛阳	1800000	-1	-1	205	-1	1	-1	-1	0	1	-1	-1	-1	1	1	1	-1	-1	-1	0	0	0	-1	-1	-1	-1	-1	-1	-1	-1
533	1	洛阳	1800000	-1	-1	205	-1	1	-1	-1	0	1	-1	-1	-1	1	1	1	-1	-1	-1	0	0	0	-1	-1	-1	-1	-1	-1	-1	-1
534	1	洛阳	1800000	-1	-1	205	-1	1	-1	-1	0	1	-1	-1	-1	1	1	1	-1	-1	-1	0	0	0	-1	-1	-1	-1	-1	-1	-1	-1
535	1	洛阳	1800000	-1	-1	205	-1	1	-1	-1	0	1	-1	-1	-1	1	1	1	-1	-1	-1	0	0	0	-1	-1	-1	-1	-1	-1	-1	-1
536	1	洛阳	1800000	-1	-1	205	-1	1	-1	-1	0	1	-1	-1	-1	1	1	1	-1	-1	-1	0	0	0	-1	-1	-1	-1	-1	-1	-1	-1
537	1	洛阳	1800000	-1	-1	205	-1	1	-1	-1	0	1	-1	-1	-1	1	1	1	-1	-1	-1	0	0	0	-1	-1	-1	-1	-1	-1	-1	-1
538	1	洛阳	1800000	-1	-1	205	-1	1	-1	-1	0	1	-1	-1	-1	1	1	1	-1	-1	-1	0	0	0	-1	-1	-1	-1	-1	-1	-1	-1
539	1	洛阳	1800000	-1	-1	205	-1	1	-1	-1	0	1	-1	-1	-1	1	1	1	-1	-1	-1	0	0	0	-1	-1	-1	-1	-1	-1	-1	-1
540	1	洛阳	1800000	-1	-1	205	-1	1	-1	-1	0	1	-1	-1	-1	1	1	1	-1	-1	-1	0	0	0	-1	-1	-1	-1	-1	-1	-1	-1
541	1	洛阳	1800000	-1	-1	205	-1	1	-1	-1	0	1	-1	-1	-1	1	1	1	-1	-1	-1	0	0	0	-1	-1	-1	-1	-1	-1	-1	-1
542	1	宝石盛宴	900000	542	90	233	58	15	-1	1	0	1	0	-1	-1	1	1	1	-1	1	-1	0	0	1	-1	-1	-1	-1	-1	-1	1	-1
600	1	秦家寨	1800000	-1	-1	205	-1	1	-1	-1	0	1	-1	-1	-1	1	1	1	-1	-1	-1	0	0	0	-1	-1	-1	-1	-1	-1	-1	-1
601	1	秦家寨	1800000	-1	-1	205	-1	1	-1	-1	0	1	-1	-1	-1	1	1	1	-1	-1	-1	0	0	0	-1	-1	-1	-1	-1	-1	-1	-1
602	1	救人	1800000	-1	-1	205	-1	1	-1	-1	0	1	-1	-1	-1	1	1	1	-1	-1	-1	0	0	0	-1	-1	-1	-1	-1	-1	-1	-1
603	1	劝君更进	1800000	-1	-1	205	-1	1	-1	-1	0	1	-1	-1	-1	1	1	1	-1	-1	-1	0	0	0	-1	-1	-1	-1	-1	-1	-1	-1
604	1	英雄救美	1800000	-1	-1	205	-1	1	-1	-1	0	1	-1	-1	-1	1	1	1	-1	-1	-1	0	0	0	-1	-1	-1	-1	-1	-1	-1	-1
605	1	杏子林	100000	-1	-1	205	-1	1	-1	-1	0	1	-1	-1	-1	1	1	1	-1	-1	-1	0	0	0	-1	-1	-1	-1	-1	-1	-1	-1
606	1	爱屋及乌	1800000	-1	-1	205	-1	1	-1	-1	0	1	-1	-1	-1	1	1	1	-1	-1	-1	0	0	0	-1	-1	-1	-1	-1	-1	-1	-1
607	1	无名乞丐	100000	-1	-1	205	-1	1	-1	-1	0	1	-1	-1	-1	1	1	1	-1	-1	-1	0	0	0	-1	-1	-1	-1	-1	-1	-1	-1
608	1	行侠仗义	1800000	-1	-1	205	-1	1	-1	-1	0	1	-1	-1	-1	1	1	1	-1	-1	-1	0	0	0	-1	-1	-1	-1	-1	-1	-1	-1
609	1	医者仁心	100000	-1	-1	205	-1	1	-1	-1	0	1	-1	-1	-1	1	1	1	-1	-1	-1	0	0	0	-1	-1	-1	-1	-1	-1	-1	-1
610	1	大理预热	1800000	-1	-1	205	-1	1	-1	-1	0	1	-1	-1	-1	1	1	1	-1	-1	-1	0	0	0	-1	-1	-1	-1	-1	-1	-1	-1
611	1	丽水城	1800000	-1	-1	205	-1	1	-1	-1	0	1	-1	-1	-1	1	1	1	-1	-1	-1	0	0	0	-1	-1	-1	-1	-1	-1	-1	-1
612	1	医者仁心	1800000	-1	-1	205	-1	1	-1	-1	0	1	-1	-1	-1	1	1	1	-1	-1	-1	0	0	0	-1	-1	-1	-1	-1	-1	-1	-1
620	1	五福锦鲤	630000	-1	-1	236	21	17	6	1	0	1	0	-1	-1	1	1	1	-1	1	1	0	0	0	-1	-1	-1	-1	-1	-1	-1	-1
621	1	五福锦鲤	630000	-1	-1	236	21	17	6	1	0	1	0	-1	-1	1	1	1	-1	1	1	0	0	0	-1	-1	-1	-1	-1	-1	-1	-1
622	1	五福锦鲤	630000	-1	-1	236	21	17	6	1	0	1	0	-1	-1	1	1	1	-1	1	1	0	0	0	-1	-1	-1	-1	-1	-1	-1	-1
623	1	五福锦鲤	630000	-1	-1	236	21	17	6	1	0	1	0	-1	-1	1	1	1	-1	1	1	0	0	0	-1	-1	-1	-1	-1	-1	-1	-1
624	1	五福锦鲤	630000	-1	-1	236	21	17	6	1	0	1	0	-1	-1	1	1	1	-1	1	1	0	0	0	-1	-1	-1	-1	-1	-1	-1	-1
625	1	西洲沙海	235000	-1	-1	237	-1	8	-1	1	0	1	0	-1	-1	1	1	1	-1	1	-1	0	0	0	-1	-1	-1	-1	-1	-1	1	1
626	1	嵩山	235000	-1	-1	237	-1	8	-1	1	0	1	0	-1	-1	1	1	1	-1	1	-1	0	0	0	-1	-1	-1	-1	-1	-1	1	1
627	1	天山	235000	-1	-1	237	-1	8	-1	1	0	1	0	-1	-1	1	1	1	-1	1	-1	0	0	0	-1	-1	-1	-1	-1	-1	1	1
628	1	雁门	235000	-1	-1	237	-1	8	-1	1	0	1	0	-1	-1	1	1	1	-1	1	-1	0	0	0	-1	-1	-1	-1	-1	-1	1	1
629	1	敦煌沙漠	235000	-1	-1	237	-1	8	-1	1	0	1	0	-1	-1	1	1	1	-1	1	-1	0	0	0	-1	-1	-1	-1	-1	-1	1	1
630	1	辽西草原	235000	-1	-1	237	-1	8	-1	1	0	1	0	-1	-1	1	1	1	-1	1	-1	0	0	0	-1	-1	-1	-1	-1	-1	1	1
700	1	问剑江湖	210000	-1	-1	208	-1	1	-1	-1	0	0	0	-1	-1	1	-1	1	-1	-1	-1	0	0	0	-1	-1	-1	-1	-1	-1	-1	-1
701	1	问剑江湖	210000	-1	-1	208	-1	1	-1	-1	0	0	0	-1	-1	1	-1	1	-1	-1	-1	0	0	0	-1	-1	-1	-1	-1	-1	-1	-1
702	1	问剑江湖	210000	-1	-1	208	-1	1	-1	-1	0	0	0	-1	-1	1	-1	1	-1	-1	-1	0	0	0	-1	-1	-1	-1	-1	-1	-1	-1
703	1	问剑江湖	210000	-1	-1	208	-1	1	-1	-1	0	0	0	-1	-1	1	-1	1	-1	-1	-1	0	0	0	-1	-1	-1	-1	-1	-1	-1	-1
704	1	问剑江湖	210000	-1	-1	208	-1	1	-1	-1	0	0	0	-1	-1	1	-1	1	-1	-1	-1	0	0	0	-1	-1	-1	-1	-1	-1	-1	-1
705	1	问剑江湖	210000	-1	-1	208	-1	1	-1	-1	0	0	0	-1	-1	1	-1	1	-1	-1	-1	0	0	0	-1	-1	-1	-1	-1	-1	-1	-1
706	1	问剑江湖	210000	-1	-1	208	-1	1	-1	-1	0	0	0	-1	-1	1	-1	1	-1	-1	-1	0	0	0	-1	-1	-1	-1	-1	-1	-1	-1
707	1	问剑江湖	210000	-1	-1	208	-1	1	-1	-1	0	0	0	-1	-1	1	-1	1	-1	-1	-1	0	0	0	-1	-1	-1	-1	-1	-1	-1	-1
708	1	问剑江湖	210000	-1	-1	208	-1	1	-1	-1	0	0	0	-1	-1	1	-1	1	-1	-1	-1	0	0	0	-1	-1	-1	-1	-1	-1	-1	-1
709	1	问剑江湖	210000	-1	-1	208	-1	1	-1	-1	0	0	0	-1	-1	1	-1	1	-1	-1	-1	0	0	0	-1	-1	-1	-1	-1	-1	-1	-1
710	1	拭剑天下	2700000	-1	-1	227	-1	8	-1	1	0	0	0	-1	-1	1	-1	1	-1	-1	-1	0	0	0	-1	-1	-1	-1	-1	-1	-1	-1
711	1	拭剑天下	2700000	-1	-1	227	-1	8	-1	1	0	0	0	-1	-1	1	-1	1	-1	-1	-1	0	0	0	-1	-1	-1	-1	-1	-1	-1	-1
712	1	踏青	1800000	-1	-1	241	-1	2	-1	1	0	1	0	-1	-1	1	1	1	-1	1	-1	0	0	1	-1	-1	-1	-1	-1	-1	-1	-1
713	1	宠物大师	150000	-1	-1	239	-1	1	-1	-1	0	0	0	-1	-1	1	-1	1	-1	-1	-1	0	0	0	-1	-1	-1	-1	-1	-1	-1	-1
714	1	宠物大师	150000	-1	-1	239	-1	1	-1	-1	0	0	0	-1	-1	1	-1	1	-1	-1	-1	0	0	0	-1	-1	-1	-1	-1	-1	-1	-1
715	1	宠物大师	150000	-1	-1	239	-1	1	-1	-1	0	0	0	-1	-1	1	-1	1	-1	-1	-1	0	0	0	-1	-1	-1	-1	-1	-1	-1	-1
716	1	元素门主·御	150000	-1	-1	239	-1	1	-1	-1	0	0	0	-1	-1	1	-1	1	-1	-1	-1	0	0	0	-1	-1	-1	-1	-1	-1	-1	-1
717	1	元素门主·御	150000	-1	-1	239	-1	1	-1	-1	0	0	0	-1	-1	1	-1	1	-1	-1	-1	0	0	0	-1	-1	-1	-1	-1	-1	-1	-1
718	1	元素门主·御	150000	-1	-1	239	-1	1	-1	-1	0	0	0	-1	-1	1	-1	1	-1	-1	-1	0	0	0	-1	-1	-1	-1	-1	-1	-1	-1
719	1	元素门主·攻	150000	-1	-1	239	-1	1	-1	-1	0	0	0	-1	-1	1	-1	1	-1	-1	-1	0	0	0	-1	-1	-1	-1	-1	-1	-1	-1
720	1	元素门主·攻	150000	-1	-1	239	-1	1	-1	-1	0	0	0	-1	-1	1	-1	1	-1	-1	-1	0	0	0	-1	-1	-1	-1	-1	-1	-1	-1
721	1	元素门主·攻	150000	-1	-1	239	-1	1	-1	-1	0	0	0	-1	-1	1	-1	1	-1	-1	-1	0	0	0	-1	-1	-1	-1	-1	-1	-1	-1
722	1	武功盖世	210000	-1	-1	239	-1	1	-1	-1	0	0	0	-1	-1	1	-1	1	-1	-1	-1	0	0	0	-1	-1	-1	-1	-1	-1	-1	-1
723	1	武功盖世	210000	-1	-1	239	-1	1	-1	-1	0	0	0	-1	-1	1	-1	1	-1	-1	-1	0	0	0	-1	-1	-1	-1	-1	-1	-1	-1
724	1	武功盖世	210000	-1	-1	239	-1	1	-1	-1	0	0	0	-1	-1	1	-1	1	-1	-1	-1	0	0	0	-1	-1	-1	-1	-1	-1	-1	-1
725	1	技巧大师	210000	-1	-1	239	-1	1	-1	-1	0	0	0	-1	-1	1	-1	1	-1	-1	-1	0	0	0	-1	-1	-1	-1	-1	-1	-1	-1
726	1	技巧大师	210000	-1	-1	239	-1	1	-1	-1	0	0	0	-1	-1	1	-1	1	-1	-1	-1	0	0	0	-1	-1	-1	-1	-1	-1	-1	-1
727	1	技巧大师	210000	-1	-1	239	-1	1	-1	-1	0	0	0	-1	-1	1	-1	1	-1	-1	-1	0	0	0	-1	-1	-1	-1	-1	-1	-1	-1
728	1	拭剑天下	610000	-1	-1	227	-1	7	-1	1	0	0	0	-1	-1	1	-1	1	-1	-1	-1	0	0	0	-1	-1	-1	-1	-1	-1	-1	-1
729	1	拭剑天下	180000	-1	-1	227	-1	7	-1	1	0	0	0	-1	-1	1	-1	1	-1	-1	-1	0	0	0	-1	-1	-1	-1	-1	-1	-1	-1
730	1	拭剑天下	180000	-1	-1	227	-1	7	-1	1	0	0	0	-1	-1	1	-1	1	-1	-1	-1	0	0	0	-1	-1	-1	-1	-1	-1	-1	-1
800	1	协助萌猪	363000	-1	-1	232	-1	11	-1	-1	0	0	0	-1	-1	1	-1	1	-1	-1	-1	0	0	0	-1	-1	-1	-1	-1	-1	-1	-1
801	1	协助萌猪	363000	-1	-1	232	-1	11	-1	-1	0	0	0	-1	-1	1	-1	1	-1	-1	-1	0	0	0	-1	-1	-1	-1	-1	-1	-1	-1
802	1	协助萌猪	363000	-1	-1	232	-1	11	-1	-1	0	0	0	-1	-1	1	-1	1	-1	-1	-1	0	0	0	-1	-1	-1	-1	-1	-1	-1	-1
803	1	协助萌猪	363000	-1	-1	232	-1	11	-1	-1	0	0	0	-1	-1	1	-1	1	-1	-1	-1	0	0	0	-1	-1	-1	-1	-1	-1	-1	-1
804	1	协助萌猪	363000	-1	-1	232	-1	11	-1	-1	0	0	0	-1	-1	1	-1	1	-1	-1	-1	0	0	0	-1	-1	-1	-1	-1	-1	-1	-1
805	1	甜粽寻回	910000	-1	-1	232	-1	11	-1	-1	0	0	0	-1	-1	1	-1	1	-1	-1	-1	0	0	0	-1	-1	-1	-1	-1	-1	-1	-1
806	1	咸粽寻回	910000	-1	-1	232	-1	11	-1	-1	0	0	0	-1	-1	1	-1	1	-1	-1	-1	0	0	0	-1	-1	-1	-1	-1	-1	-1	-1
807	1	大理试炼	310000	-1	-1	239	-1	1	-1	-1	0	0	0	-1	-1	1	-1	1	-1	-1	-1	0	0	0	-1	-1	-1	-1	-1	-1	-1	-1
808	1	大理试炼	310000	-1	-1	239	-1	1	-1	-1	0	0	0	-1	-1	1	-1	1	-1	-1	-1	0	0	0	-1	-1	-1	-1	-1	-1	-1	-1
809	1	大理试炼	310000	-1	-1	239	-1	1	-1	-1	0	0	0	-1	-1	1	-1	1	-1	-1	-1	0	0	0	-1	-1	-1	-1	-1	-1	-1	-1
810	1	【缉凶密令】万劫谷	363000	-1	-1	234	-1	10	-1	-1	0	0	0	-1	-1	1	-1	1	-1	-1	-1	0	0	0	-1	-1	-1	-1	-1	-1	-1	-1
811	1	【缉凶密令】姑苏	363000	-1	-1	234	-1	10	-1	-1	0	0	0	-1	-1	1	-1	1	-1	-1	-1	0	0	0	-1	-1	-1	-1	-1	-1	-1	-1
812	1	【缉凶密令】嵩山	363000	-1	-1	234	-1	10	-1	-1	0	0	0	-1	-1	1	-1	1	-1	-1	-1	0	0	0	-1	-1	-1	-1	-1	-1	-1	-1
813	1	【缉凶密令】敦煌	363000	-1	-1	234	-1	10	-1	-1	0	0	0	-1	-1	1	-1	1	-1	-1	-1	0	0	0	-1	-1	-1	-1	-1	-1	-1	-1
814	1	【缉凶密令】雁门	363000	-1	-1	234	-1	10	-1	-1	0	0	0	-1	-1	1	-1	1	-1	-1	-1	0	0	0	-1	-1	-1	-1	-1	-1	-1	-1
815	1	【缉凶密令】嵩山	363000	-1	-1	234	-1	10	-1	-1	0	0	0	-1	-1	1	-1	1	-1	-1	-1	0	0	0	-1	-1	-1	-1	-1	-1	-1	-1
816	1	奇味月饼	610000	-1	-1	232	-1	11	-1	-1	0	0	0	-1	-1	1	-1	1	-1	-1	-1	0	0	0	-1	-1	-1	-1	-1	-1	-1	-1
817	1	奇味月饼	610000	-1	-1	232	-1	11	-1	-1	0	0	0	-1	-1	1	-1	1	-1	-1	-1	0	0	0	-1	-1	-1	-1	-1	-1	-1	-1
818	1	奇味月饼	610000	-1	-1	232	-1	11	-1	-1	0	0	0	-1	-1	1	-1	1	-1	-1	-1	0	0	0	-1	-1	-1	-1	-1	-1	-1	-1
819	1	爆竹辞岁	1010000	-1	-1	240	-1	17	-1	-1	0	0	0	-1	-1	1	-1	1	-1	-1	-1	0	0	0	-1	-1	-1	-1	-1	-1	-1	-1
820	1	【缉凶密令】西洲沙海	363000	-1	-1	234	-1	10	-1	-1	0	0	0	-1	-1	1	-1	1	-1	-1	-1	0	0	0	-1	-1	-1	-1	-1	-1	-1	-1
831	1	通天塔一层	3600000	-1	-1	242	-1	17	-1	-1	0	1	0	-1	-1	1	1	1	-1	1	-1	0	0	0	-1	-1	-1	-1	-1	-1	1	1
832	1	通天塔二层	3600000	-1	-1	242	-1	17	-1	-1	0	1	0	-1	-1	1	1	1	-1	1	-1	0	0	0	-1	-1	-1	-1	-1	-1	1	1
833	1	通天塔三层	3600000	-1	-1	242	-1	17	-1	-1	0	1	0	-1	-1	1	1	1	-1	1	-1	0	0	0	-1	-1	-1	-1	-1	-1	1	1
834	1	通天塔四层	3600000	-1	-1	242	-1	17	-1	-1	0	1	0	-1	-1	1	1	1	-1	1	-1	0	0	0	-1	-1	-1	-1	-1	-1	1	1
835	1	通天塔五层	3600000	-1	-1	242	-1	17	-1	-1	0	1	0	-1	-1	1	1	1	-1	1	-1	0	0	0	-1	-1	-1	-1	-1	-1	1	1
836	1	通天塔六层	3600000	-1	-1	242	-1	17	-1	-1	0	1	0	-1	-1	1	1	1	-1	1	-1	0	0	0	-1	-1	-1	-1	-1	-1	1	1
837	1	通天塔七层	3600000	-1	-1	242	-1	17	-1	-1	0	1	0	-1	-1	1	1	1	-1	1	-1	0	0	0	-1	-1	-1	-1	-1	-1	1	1
838	1	通天塔八层	3600000	-1	-1	242	-1	17	-1	-1	0	1	0	-1	-1	1	1	1	-1	1	-1	0	0	0	-1	-1	-1	-1	-1	-1	1	1
839	1	通天塔九层	3600000	-1	-1	242	-1	17	-1	-1	0	1	0	-1	-1	1	1	1	-1	1	-1	0	0	0	-1	-1	-1	-1	-1	-1	1	1
845	1	怒海战斗区	375000	-1	-1	246	-1	8	-1	-1	0	1	0	-1	-1	1	1	1	-1	1	-1	0	0	0	-1	-1	-1	-1	-1	-1	1	1
850	1	迷瘴林渊	2700000	-1	-1	207	-1	15	3	1	0	1	0	-1	-1	1	1	1	-1	1	1	0	0	1	-1	-1	-1	-1	-1	-1	3	6
851	1	迷瘴林渊	2700000	-1	-1	207	-1	15	3	1	0	1	0	-1	-1	1	1	1	-1	1	1	0	0	1	-1	-1	-1	-1	-1	-1	3	6
852	1	迷瘴林渊	2700000	-1	-1	207	-1	15	3	1	0	1	0	-1	-1	1	1	1	-1	1	1	0	0	1	-1	-1	-1	-1	-1	-1	3	6
853	1	迷瘴林渊	2700000	-1	-1	207	-1	15	3	1	0	1	0	-1	-1	1	1	1	-1	1	1	0	0	1	-1	-1	-1	-1	-1	-1	3	6
854	1	迷瘴林渊	2700000	-1	-1	207	-1	15	3	1	0	1	0	-1	-1	1	1	1	-1	1	1	0	0	1	-1	-1	-1	-1	-1	-1	3	6
855	1	迷瘴林渊	2700000	-1	-1	207	-1	15	3	1	0	1	0	-1	-1	1	1	1	-1	1	1	0	0	1	-1	-1	-1	-1	-1	-1	3	6
856	1	迷瘴林渊	2700000	-1	-1	207	-1	15	3	1	0	1	0	-1	-1	1	1	1	-1	1	1	0	0	1	-1	-1	-1	-1	-1	-1	3	6
857	1	无尽林渊	2700000	-1	-1	207	-1	15	3	1	0	1	0	-1	-1	1	1	1	-1	1	1	0	0	1	-1	-1	-1	-1	-1	-1	3	6
858	1	无尽林渊	2700000	-1	-1	207	-1	15	3	1	0	1	0	-1	-1	1	1	1	-1	1	1	0	0	1	-1	-1	-1	-1	-1	-1	3	6
859	1	无尽林渊	2700000	-1	-1	207	-1	15	3	1	0	1	0	-1	-1	1	1	1	-1	1	1	0	0	1	-1	-1	-1	-1	-1	-1	3	6
860	1	无尽林渊	2700000	-1	-1	207	-1	15	3	1	0	1	0	-1	-1	1	1	1	-1	1	1	0	0	1	-1	-1	-1	-1	-1	-1	3	6
861	1	无尽林渊	2700000	-1	-1	207	-1	15	3	1	0	1	0	-1	-1	1	1	1	-1	1	1	0	0	1	-1	-1	-1	-1	-1	-1	3	6
862	1	无尽林渊	2700000	-1	-1	207	-1	15	3	1	0	1	0	-1	-1	1	1	1	-1	1	1	0	0	1	-1	-1	-1	-1	-1	-1	3	6
863	1	无尽林渊	2700000	-1	-1	207	-1	15	3	1	0	1	0	-1	-1	1	1	1	-1	1	1	0	0	1	-1	-1	-1	-1	-1	-1	3	6
864	1	无尽林渊	2700000	-1	-1	207	-1	15	3	1	0	1	0	-1	-1	1	1	1	-1	1	1	0	0	1	-1	-1	-1	-1	-1	-1	3	6
865	1	无尽林渊	2700000	-1	-1	207	-1	15	3	1	0	1	0	-1	-1	1	1	1	-1	1	1	0	0	1	-1	-1	-1	-1	-1	-1	3	6
866	1	无尽林渊	2700000	-1	-1	207	-1	15	3	1	0	1	0	-1	-1	1	1	1	-1	1	1	0	0	1	-1	-1	-1	-1	-1	-1	3	6
867	1	无尽林渊	2700000	-1	-1	207	-1	15	3	1	0	1	0	-1	-1	1	1	1	-1	1	1	0	0	1	-1	-1	-1	-1	-1	-1	3	6
868	1	无尽林渊	2700000	-1	-1	207	-1	15	3	1	0	1	0	-1	-1	1	1	1	-1	1	1	0	0	1	-1	-1	-1	-1	-1	-1	3	6
869	1	无尽林渊	2700000	-1	-1	207	-1	15	3	1	0	1	0	-1	-1	1	1	1	-1	1	1	0	0	1	-1	-1	-1	-1	-1	-1	3	6
870	1	无尽林渊	2700000	-1	-1	207	-1	15	3	1	0	1	0	-1	-1	1	1	1	-1	1	1	0	0	1	-1	-1	-1	-1	-1	-1	3	6
871	1	无尽林渊	2700000	-1	-1	207	-1	15	3	1	0	1	0	-1	-1	1	1	1	-1	1	1	0	0	1	-1	-1	-1	-1	-1	-1	3	6
995	1	决战少室山	2700000	2035	66	244	-1	15	1	1	0	1	0	-1	-1	1	-1	1	-1	1	-1	0	0	1	-1	-1	-1	-1	-1	-1	3	-1
996	1	决战少室山	2700000	-1	22	243	21	15	3	1	0	1	0	-1	-1	1	1	1	-1	1	1	0	0	1	-1	-1	-1	-1	-1	-1	3	-1
997	1	西夏冰窖	2700000	2035	66	41	-1	15	1	1	0	1	0	-1	-1	1	-1	1	-1	1	-1	0	0	1	-1	-1	-1	-1	-1	-1	3	-1
998	1	西夏冰窖	2700000	-1	22	41	21	15	3	1	0	1	0	-1	-1	1	1	1	-1	1	1	0	0	1	-1	-1	-1	-1	-1	-1	3	-1
990	1	demo副本	600000	-1	-1	104	-1	1	-1	-1	0	0	0	-1	-1	1	-1	1	-1	-1	-1	0	0	0	-1	-1	-1	-1	-1	-1	-1	-1